167.097019 -0.136105 -0.129885 -0.136838 -0.144101 -0.154451 -0.149032 -0.102348 -0.124315 -0.116604 -0.130223 -0.136072 -0.138422 -0.107314 -0.141967 -0.141266 -0.136038 -0.128769 0.314215 0.248040 0.259532 0.318277 0.401104 0.423471 0.242640 0.272781 0.327482 0.376619 0.359702 0.320786 0.294061 0.379352 0.327193 0.250145 0.376936 -0.093779 -0.066946 -0.052072 -0.086477 -0.113123 -0.127754 -0.086763 -0.103963 -0.120988 -0.133218 -0.117472 -0.095787 -0.113636 -0.131330 -0.107132 -0.080670 -0.136051 
163.415876 -0.131506 -0.122968 -0.108252 -0.139135 -0.151982 -0.152166 -0.094430 -0.119934 -0.087121 -0.130172 -0.133280 -0.140912 -0.106794 -0.135870 -0.140925 -0.135805 -0.129348 0.301985 0.221153 0.189503 0.299741 0.395117 0.440185 0.228381 0.254037 0.241478 0.365223 0.354059 0.330052 0.292895 0.370217 0.324630 0.250651 0.379113 -0.091776 -0.057897 -0.037776 -0.083407 -0.113317 -0.131844 -0.086280 -0.094436 -0.099972 -0.128151 -0.118372 -0.099011 -0.112148 -0.133201 -0.106190 -0.081686 -0.136028 
164.171029 -0.133107 -0.124623 -0.117685 -0.135703 -0.147760 -0.149704 -0.098074 -0.121238 -0.096834 -0.124875 -0.129931 -0.140121 -0.109673 -0.140014 -0.141995 -0.138395 -0.132207 0.304962 0.228343 0.207199 0.288985 0.376760 0.426572 0.235254 0.261206 0.269969 0.351544 0.340715 0.325435 0.303806 0.380380 0.333143 0.259935 0.390559 -0.091816 -0.060738 -0.039634 -0.079756 -0.109126 -0.128041 -0.086479 -0.098481 -0.108724 -0.126357 -0.114212 -0.096133 -0.115783 -0.134336 -0.109715 -0.084316 -0.138828 
165.676889 -0.138134 -0.129916 -0.123986 -0.141225 -0.153356 -0.152481 -0.102320 -0.125301 -0.101966 -0.129560 -0.134411 -0.141093 -0.107130 -0.138494 -0.140195 -0.135236 -0.127759 0.321449 0.242473 0.224024 0.307497 0.399304 0.441089 0.244899 0.269268 0.287481 0.370316 0.355707 0.329511 0.290569 0.370274 0.319986 0.245840 0.372876 -0.095907 -0.064464 -0.043310 -0.084301 -0.113842 -0.131933 -0.088878 -0.101995 -0.114234 -0.131830 -0.118430 -0.098769 -0.111533 -0.131327 -0.105849 -0.080276 -0.135489 
164.075413 -0.137694 -0.127934 -0.110469 -0.139935 -0.152799 -0.151309 -0.101657 -0.124706 -0.088194 -0.130824 -0.133915 -0.139736 -0.108783 -0.135419 -0.140537 -0.135049 -0.128624 0.319565 0.232475 0.194849 0.301842 0.397432 0.438692 0.244745 0.262868 0.247602 0.368486 0.354663 0.329613 0.293471 0.365878 0.320620 0.250077 0.375888 -0.095309 -0.060756 -0.038681 -0.083562 -0.113576 -0.131920 -0.088925 -0.098163 -0.103081 -0.129403 -0.118519 -0.099948 -0.110334 -0.131083 -0.104053 -0.081676 -0.134716 
167.619200 -0.138451 -0.131804 -0.134346 -0.144651 -0.155873 -0.152974 -0.103895 -0.126148 -0.113348 -0.131371 -0.136908 -0.141835 -0.108588 -0.141895 -0.141734 -0.137146 -0.129494 0.323020 0.252388 0.251725 0.320051 0.408812 0.442074 0.248305 0.276706 0.319570 0.380175 0.363997 0.331286 0.296401 0.379700 0.325818 0.249785 0.379437 -0.096133 -0.067719 -0.049568 -0.087058 -0.115406 -0.131823 -0.089124 -0.104500 -0.120512 -0.134561 -0.119668 -0.098618 -0.113518 -0.131722 -0.106836 -0.080386 -0.136399 
167.911182 -0.135693 -0.130594 -0.147084 -0.144102 -0.154545 -0.153684 -0.100819 -0.123695 -0.127829 -0.127987 -0.134909 -0.142798 -0.104370 -0.141745 -0.137947 -0.135670 -0.125903 0.315336 0.254817 0.285044 0.319207 0.402363 0.441395 0.240183 0.277425 0.361906 0.374989 0.357490 0.329510 0.284404 0.370957 0.314289 0.241366 0.365277 -0.094898 -0.069652 -0.056311 -0.086198 -0.114015 -0.130649 -0.087555 -0.106808 -0.129078 -0.135646 -0.118366 -0.096359 -0.111533 -0.126123 -0.103391 -0.074343 -0.132263 
164.786887 -0.140156 -0.132554 -0.128402 -0.138605 -0.149287 -0.148891 -0.105732 -0.127014 -0.106942 -0.125861 -0.131281 -0.138252 -0.105691 -0.136642 -0.137030 -0.132701 -0.124405 0.326243 0.251800 0.236839 0.298719 0.381217 0.423758 0.251451 0.274948 0.300031 0.358257 0.342938 0.320442 0.282828 0.361808 0.312949 0.241338 0.359847 -0.096411 -0.067364 -0.046814 -0.081556 -0.109440 -0.128266 -0.088898 -0.104380 -0.115555 -0.128531 -0.113962 -0.096170 -0.108303 -0.126746 -0.102347 -0.077322 -0.131362 
163.888485 -0.135167 -0.126465 -0.115909 -0.142526 -0.155017 -0.150978 -0.098738 -0.122470 -0.093258 -0.131758 -0.135764 -0.138656 -0.103726 -0.133341 -0.137352 -0.131430 -0.123672 0.312009 0.230364 0.205713 0.311791 0.406306 0.435821 0.236442 0.259867 0.262545 0.374626 0.361322 0.324977 0.277514 0.353444 0.309178 0.237857 0.356945 -0.093625 -0.060401 -0.040141 -0.086108 -0.115089 -0.131415 -0.086973 -0.097583 -0.107813 -0.131412 -0.119611 -0.098815 -0.106742 -0.126537 -0.100680 -0.076837 -0.130546 
163.895458 -0.137681 -0.127518 -0.105631 -0.140355 -0.153281 -0.150610 -0.102226 -0.124631 -0.082824 -0.131782 -0.135210 -0.139243 -0.109603 -0.135328 -0.142202 -0.135362 -0.129674 0.318842 0.229624 0.183295 0.304019 0.399924 0.435741 0.245834 0.261783 0.234338 0.369000 0.358827 0.329087 0.296823 0.369015 0.327714 0.253079 0.380402 -0.094532 -0.059111 -0.035907 -0.084746 -0.113910 -0.131608 -0.088767 -0.096121 -0.100458 -0.128242 -0.118484 -0.100042 -0.111252 -0.134077 -0.106652 -0.084452 -0.136823 
164.416556 -0.135951 -0.128854 -0.125996 -0.140691 -0.151767 -0.149160 -0.101339 -0.123524 -0.104716 -0.128235 -0.133274 -0.138227 -0.103752 -0.135793 -0.136877 -0.132051 -0.123657 0.313809 0.242041 0.230282 0.305845 0.391480 0.425087 0.241235 0.268044 0.292572 0.365502 0.351069 0.321007 0.279135 0.359808 0.311582 0.239705 0.357103 -0.093553 -0.064490 -0.045384 -0.083755 -0.111589 -0.128473 -0.086913 -0.100723 -0.113408 -0.129767 -0.116080 -0.096238 -0.107914 -0.126580 -0.101792 -0.076589 -0.130734 
166.429092 -0.138057 -0.129500 -0.120626 -0.144615 -0.156952 -0.152959 -0.102216 -0.125518 -0.098335 -0.133848 -0.137930 -0.141046 -0.109599 -0.139433 -0.142957 -0.136832 -0.130456 0.321409 0.239673 0.218295 0.319019 0.414449 0.444986 0.245339 0.267789 0.277011 0.383234 0.368313 0.332274 0.298424 0.376589 0.327895 0.251750 0.383236 -0.095915 -0.063281 -0.043129 -0.087653 -0.116831 -0.133116 -0.089083 -0.100700 -0.111124 -0.133685 -0.121231 -0.100443 -0.113123 -0.133602 -0.107175 -0.082853 -0.137465 
166.384738 -0.138473 -0.130430 -0.123130 -0.142649 -0.154475 -0.152319 -0.103675 -0.125952 -0.101336 -0.131333 -0.136116 -0.141406 -0.110064 -0.140538 -0.143052 -0.137626 -0.130984 0.322286 0.244329 0.223480 0.312541 0.403835 0.440418 0.248551 0.271730 0.284713 0.374772 0.361486 0.331977 0.301109 0.380887 0.331498 0.254697 0.385480 -0.095676 -0.064723 -0.043835 -0.085757 -0.114539 -0.131707 -0.089269 -0.101531 -0.112531 -0.131610 -0.118878 -0.099251 -0.114158 -0.134482 -0.108653 -0.083606 -0.138249 
163.817393 -0.130941 -0.123155 -0.118044 -0.139944 -0.152272 -0.150407 -0.094907 -0.119195 -0.096814 -0.128914 -0.133324 -0.139400 -0.103711 -0.136455 -0.138932 -0.133751 -0.126347 0.299184 0.224487 0.208923 0.303077 0.394842 0.430909 0.227309 0.255776 0.270004 0.365684 0.353071 0.324002 0.284190 0.365910 0.317892 0.244321 0.367837 -0.090650 -0.059411 -0.040357 -0.083629 -0.112822 -0.129463 -0.084971 -0.096208 -0.108636 -0.129784 -0.117674 -0.096727 -0.110987 -0.130958 -0.105394 -0.079536 -0.134447 
163.344477 -0.135650 -0.127725 -0.121230 -0.137755 -0.149625 -0.151374 -0.099716 -0.122794 -0.099647 -0.125853 -0.130774 -0.140485 -0.102413 -0.133708 -0.135080 -0.131596 -0.122291 0.313359 0.237366 0.216914 0.295645 0.384120 0.434176 0.238873 0.264858 0.278429 0.356270 0.343897 0.326619 0.274581 0.352735 0.305536 0.236900 0.351818 -0.093850 -0.063141 -0.041957 -0.081246 -0.110655 -0.129915 -0.087442 -0.099909 -0.110702 -0.127921 -0.115312 -0.096958 -0.106561 -0.124951 -0.100401 -0.074917 -0.129302 
163.795822 -0.137248 -0.128072 -0.114455 -0.137705 -0.149870 -0.149848 -0.101361 -0.124420 -0.092296 -0.127568 -0.131739 -0.138745 -0.107746 -0.136018 -0.139659 -0.134483 -0.127890 0.317792 0.234374 0.202353 0.295191 0.385355 0.430104 0.242661 0.263848 0.259148 0.359016 0.346265 0.323662 0.291155 0.366005 0.320571 0.247833 0.373339 -0.094912 -0.061732 -0.039532 -0.081617 -0.110900 -0.130096 -0.088140 -0.099338 -0.106464 -0.127650 -0.115796 -0.097926 -0.110508 -0.130831 -0.104976 -0.081086 -0.134752 
166.317631 -0.137512 -0.129669 -0.128297 -0.144056 -0.155884 -0.150817 -0.102733 -0.124924 -0.105946 -0.131308 -0.136927 -0.139086 -0.107959 -0.138845 -0.140312 -0.135067 -0.127921 0.319022 0.242723 0.233560 0.318129 0.408900 0.433846 0.244985 0.270301 0.300085 0.378659 0.364067 0.325058 0.291607 0.367501 0.320194 0.246699 0.373051 -0.095031 -0.064534 -0.044695 -0.087070 -0.115306 -0.130703 -0.088118 -0.102423 -0.118430 -0.133988 -0.119635 -0.098228 -0.110972 -0.128491 -0.104072 -0.079283 -0.134044 
163.395735 -0.135548 -0.127452 -0.118037 -0.139432 -0.151285 -0.149862 -0.100264 -0.122878 -0.096430 -0.128409 -0.132480 -0.138831 -0.103503 -0.133732 -0.136467 -0.131675 -0.123304 0.312495 0.235463 0.211359 0.300761 0.390272 0.429384 0.239921 0.263493 0.268675 0.362915 0.349306 0.324269 0.277805 0.355734 0.309227 0.239864 0.355713 -0.093280 -0.062185 -0.041724 -0.082797 -0.111686 -0.129337 -0.087111 -0.098483 -0.107502 -0.128518 -0.116361 -0.097231 -0.107034 -0.126619 -0.100956 -0.076883 -0.130282 
165.878545 -0.140731 -0.131441 -0.118224 -0.141774 -0.154225 -0.151292 -0.106058 -0.127493 -0.095500 -0.131471 -0.135652 -0.139994 -0.110907 -0.138964 -0.142726 -0.136631 -0.130566 0.328530 0.243869 0.211205 0.308777 0.402718 0.438353 0.254242 0.271721 0.270473 0.373811 0.359222 0.329983 0.300807 0.375930 0.327845 0.253601 0.383730 -0.096852 -0.064020 -0.040956 -0.084935 -0.114404 -0.131862 -0.090211 -0.101452 -0.110461 -0.131488 -0.118958 -0.099867 -0.112889 -0.134048 -0.107426 -0.084229 -0.137815 
167.414156 -0.139689 -0.133002 -0.136800 -0.146677 -0.157606 -0.152273 -0.104735 -0.126901 -0.115150 -0.132647 -0.138338 -0.140231 -0.105305 -0.138942 -0.138832 -0.133471 -0.124826 0.326425 0.255061 0.259460 0.327494 0.415362 0.439255 0.249199 0.276750 0.325852 0.385685 0.368448 0.327244 0.282621 0.365687 0.314195 0.239162 0.361336 -0.096898 -0.068407 -0.051569 -0.088929 -0.116383 -0.131618 -0.088994 -0.105508 -0.122423 -0.135875 -0.120325 -0.098481 -0.109161 -0.127208 -0.102619 -0.076471 -0.132031 
165.327858 -0.134885 -0.129538 -0.146094 -0.141990 -0.149693 -0.120694 -0.108980 -0.123836 -0.125418 -0.126801 -0.132648 -0.109751 -0.107662 -0.140236 -0.138110 -0.125260 -0.124988 0.301475 0.246309 0.280924 0.310722 0.371971 0.318659 0.244505 0.271366 0.358372 0.371715 0.336978 0.246359 0.288435 0.364984 0.313200 0.238614 0.362917 -0.087363 -0.065734 -0.054976 -0.084101 -0.103576 -0.108534 -0.078625 -0.104241 -0.132350 -0.134785 -0.110070 -0.082737 -0.109619 -0.126678 -0.101430 -0.082501 -0.132621 
163.976708 -0.134503 -0.128723 -0.143494 -0.139891 -0.146623 -0.107429 -0.113097 -0.123629 -0.122903 -0.125419 -0.130808 -0.097395 -0.110172 -0.140088 -0.138756 -0.121708 -0.125639 0.293962 0.242641 0.274487 0.302022 0.354675 0.274338 0.249025 0.269913 0.350751 0.364591 0.325983 0.217550 0.295441 0.367685 0.317641 0.242585 0.366028 -0.082859 -0.064096 -0.054179 -0.081742 -0.097824 -0.098341 -0.075162 -0.102147 -0.130041 -0.131767 -0.105335 -0.076596 -0.110133 -0.128151 -0.101809 -0.087610 -0.133569 
166.574673 -0.141544 -0.134777 -0.146893 -0.143476 -0.152360 -0.133607 -0.113744 -0.128433 -0.125600 -0.127576 -0.134641 -0.123033 -0.107475 -0.139224 -0.137388 -0.128665 -0.123535 0.323990 0.261415 0.284636 0.316139 0.385693 0.363480 0.262721 0.282668 0.358930 0.372721 0.347247 0.281647 0.285522 0.360520 0.312127 0.241164 0.356758 -0.093038 -0.069944 -0.055868 -0.085278 -0.107610 -0.116495 -0.085164 -0.108446 -0.131893 -0.133978 -0.112442 -0.088999 -0.108145 -0.124091 -0.100487 -0.079430 -0.130456 
165.522833 -0.134564 -0.129910 -0.145466 -0.142578 -0.150168 -0.120464 -0.108179 -0.124052 -0.124657 -0.127464 -0.133891 -0.109269 -0.108278 -0.140978 -0.139325 -0.125674 -0.126087 0.301852 0.247445 0.279841 0.313537 0.373977 0.318293 0.242207 0.271691 0.356043 0.372822 0.340601 0.244749 0.290461 0.369049 0.318655 0.238363 0.367163 -0.088019 -0.065960 -0.054965 -0.085131 -0.103801 -0.109365 -0.078477 -0.103900 -0.131521 -0.134177 -0.110102 -0.083041 -0.110234 -0.128138 -0.102924 -0.083060 -0.133778 
166.261250 -0.132145 -0.126853 -0.149973 -0.145986 -0.153276 -0.113359 -0.110186 -0.121444 -0.130240 -0.130740 -0.135907 -0.102710 -0.109587 -0.143079 -0.140958 -0.124542 -0.127264 0.289109 0.240862 0.293663 0.323584 0.381758 0.292725 0.244094 0.268424 0.372636 0.385810 0.345852 0.230974 0.298181 0.376424 0.321959 0.246683 0.372311 -0.082216 -0.064204 -0.058601 -0.087228 -0.104074 -0.101917 -0.075319 -0.101702 -0.134098 -0.137506 -0.111114 -0.079316 -0.112744 -0.130429 -0.103684 -0.087872 -0.135558 
166.531018 -0.136267 -0.130837 -0.149410 -0.143941 -0.150958 -0.112817 -0.114336 -0.125305 -0.129140 -0.128800 -0.134585 -0.102348 -0.113217 -0.143996 -0.142069 -0.125985 -0.129524 0.301792 0.250833 0.291926 0.316810 0.372830 0.292392 0.254449 0.276659 0.370595 0.378794 0.339979 0.230363 0.306473 0.379931 0.327148 0.250081 0.380727 -0.085427 -0.066624 -0.057780 -0.085505 -0.102243 -0.102739 -0.077506 -0.104645 -0.134698 -0.135845 -0.109229 -0.079833 -0.113465 -0.130727 -0.104490 -0.089189 -0.136671 
167.362740 -0.141316 -0.135315 -0.148015 -0.145198 -0.152529 -0.116002 -0.118437 -0.129775 -0.126528 -0.130495 -0.136204 -0.104966 -0.114892 -0.144079 -0.143057 -0.126897 -0.129993 0.317607 0.260762 0.289797 0.321261 0.380012 0.304579 0.265859 0.283314 0.364549 0.383611 0.345340 0.238234 0.308539 0.380702 0.328760 0.250186 0.382356 -0.089359 -0.068810 -0.057577 -0.086703 -0.104074 -0.106165 -0.080545 -0.107420 -0.134421 -0.136574 -0.110543 -0.082520 -0.113176 -0.131712 -0.105010 -0.089654 -0.137411 
167.537324 -0.140782 -0.134824 -0.148829 -0.145057 -0.152662 -0.119871 -0.117359 -0.129004 -0.127830 -0.130066 -0.135957 -0.109079 -0.114474 -0.144187 -0.142662 -0.128454 -0.130085 0.317781 0.261326 0.291383 0.320849 0.382101 0.317044 0.265521 0.284337 0.367747 0.382572 0.346290 0.248031 0.308204 0.380750 0.328019 0.251723 0.382459 -0.089844 -0.069303 -0.057651 -0.086501 -0.105110 -0.108412 -0.081567 -0.107447 -0.134472 -0.136575 -0.111325 -0.084026 -0.113246 -0.130639 -0.104571 -0.088240 -0.136725 
164.937584 -0.133508 -0.128305 -0.147371 -0.142009 -0.148786 -0.111909 -0.111170 -0.122678 -0.127422 -0.127076 -0.131990 -0.101524 -0.109173 -0.140927 -0.138595 -0.123175 -0.125627 0.293551 0.244131 0.285674 0.309423 0.364710 0.288877 0.246330 0.270603 0.364239 0.372725 0.332096 0.227349 0.293623 0.368926 0.314735 0.241943 0.365662 -0.083588 -0.064995 -0.056641 -0.083487 -0.100738 -0.101603 -0.075893 -0.102541 -0.132381 -0.134775 -0.108139 -0.078645 -0.110303 -0.127509 -0.101050 -0.085622 -0.133074 
164.761964 -0.135108 -0.129778 -0.149731 -0.142738 -0.149021 -0.106445 -0.114198 -0.124061 -0.129126 -0.127274 -0.132333 -0.095743 -0.109109 -0.139393 -0.137188 -0.120015 -0.123553 0.295625 0.247069 0.292554 0.312054 0.362906 0.271842 0.250732 0.272795 0.371028 0.374792 0.330978 0.214368 0.289513 0.360764 0.308540 0.236712 0.357573 -0.083073 -0.065430 -0.057949 -0.084140 -0.099378 -0.098068 -0.074935 -0.103685 -0.135322 -0.135639 -0.107119 -0.076437 -0.107852 -0.124613 -0.098117 -0.084741 -0.130687 
165.760114 -0.134330 -0.130026 -0.150120 -0.142089 -0.148838 -0.115692 -0.110162 -0.123822 -0.130268 -0.126443 -0.132609 -0.105071 -0.109503 -0.142204 -0.139361 -0.125137 -0.126773 0.299461 0.250191 0.293264 0.311378 0.366701 0.301934 0.245094 0.274358 0.373116 0.371604 0.334633 0.234471 0.294462 0.372256 0.318612 0.240716 0.369788 -0.086545 -0.066927 -0.057925 -0.084170 -0.101654 -0.105471 -0.077331 -0.104530 -0.134614 -0.134741 -0.108553 -0.080490 -0.110963 -0.127928 -0.102435 -0.084234 -0.133903 
166.488888 -0.136154 -0.130577 -0.146921 -0.146722 -0.154805 -0.122053 -0.111543 -0.124640 -0.126124 -0.131746 -0.137063 -0.110815 -0.108861 -0.140987 -0.139677 -0.125928 -0.125604 0.304773 0.250121 0.285740 0.326528 0.391584 0.323867 0.251831 0.274813 0.360980 0.387788 0.352400 0.252012 0.292017 0.369262 0.316357 0.242583 0.365174 -0.087236 -0.066453 -0.056775 -0.088121 -0.107372 -0.109427 -0.079581 -0.103660 -0.131830 -0.137480 -0.113421 -0.084432 -0.109922 -0.127582 -0.101284 -0.083852 -0.132906 
164.557834 -0.133161 -0.127233 -0.146610 -0.141213 -0.148934 -0.118392 -0.109648 -0.121586 -0.126823 -0.125684 -0.131678 -0.108525 -0.106514 -0.139381 -0.136953 -0.124320 -0.123531 0.293499 0.241851 0.281932 0.306992 0.367117 0.307868 0.245883 0.269102 0.360675 0.366969 0.333495 0.243621 0.286823 0.362463 0.311820 0.241749 0.357637 -0.083924 -0.064727 -0.055381 -0.082831 -0.101921 -0.104347 -0.077385 -0.102428 -0.131196 -0.132920 -0.108441 -0.080680 -0.109263 -0.125354 -0.100565 -0.082952 -0.131178 
166.470691 -0.139555 -0.133235 -0.146582 -0.141930 -0.149304 -0.118127 -0.116603 -0.127923 -0.126054 -0.127359 -0.132662 -0.107973 -0.114318 -0.143596 -0.141754 -0.128215 -0.129995 0.312472 0.256251 0.284825 0.309025 0.368532 0.309922 0.263407 0.281258 0.361234 0.372620 0.335153 0.244631 0.308777 0.379585 0.326419 0.253854 0.382212 -0.088252 -0.068105 -0.056558 -0.083226 -0.102286 -0.106021 -0.080743 -0.106743 -0.132147 -0.134357 -0.109000 -0.082499 -0.113514 -0.130160 -0.104302 -0.088728 -0.136445 
167.135875 -0.135663 -0.129551 -0.147321 -0.143663 -0.152838 -0.134772 -0.108038 -0.123598 -0.127683 -0.127997 -0.134872 -0.124947 -0.108535 -0.143330 -0.140718 -0.132379 -0.128134 0.307089 0.249713 0.283905 0.316742 0.388390 0.366459 0.249476 0.275472 0.362837 0.374547 0.349699 0.285310 0.296986 0.377700 0.325134 0.251679 0.374945 -0.089404 -0.067318 -0.055418 -0.085469 -0.108502 -0.116288 -0.082894 -0.104962 -0.131378 -0.134680 -0.113647 -0.088514 -0.113777 -0.129904 -0.106046 -0.083367 -0.135729 
164.563153 -0.131889 -0.126328 -0.145605 -0.140854 -0.147102 -0.100067 -0.113110 -0.121854 -0.125593 -0.126412 -0.131537 -0.090207 -0.114362 -0.143126 -0.141714 -0.122226 -0.130015 0.283466 0.236737 0.279833 0.304998 0.353280 0.251341 0.245977 0.267419 0.359087 0.369487 0.326452 0.201407 0.310788 0.378367 0.327860 0.251533 0.383071 -0.079170 -0.062518 -0.055272 -0.082534 -0.096381 -0.092875 -0.072338 -0.100803 -0.132179 -0.133277 -0.104888 -0.073319 -0.113822 -0.130446 -0.103786 -0.092670 -0.136722 
165.352276 -0.136773 -0.130695 -0.144831 -0.142041 -0.150249 -0.124856 -0.111269 -0.124783 -0.124317 -0.126931 -0.132811 -0.114529 -0.107921 -0.139554 -0.137655 -0.126671 -0.124531 0.307241 0.250538 0.278195 0.310087 0.374918 0.332096 0.253103 0.275513 0.354191 0.370405 0.339027 0.259603 0.288894 0.363884 0.312834 0.242524 0.360836 -0.088233 -0.066895 -0.054665 -0.083724 -0.104545 -0.110316 -0.080915 -0.104561 -0.130015 -0.133561 -0.110502 -0.084728 -0.109049 -0.125353 -0.100510 -0.081876 -0.131335 
164.862671 -0.134125 -0.127646 -0.147420 -0.139757 -0.148001 -0.123899 -0.109494 -0.122017 -0.127909 -0.123837 -0.130320 -0.114498 -0.106394 -0.139821 -0.136702 -0.126732 -0.123948 0.297591 0.243534 0.282641 0.302277 0.365444 0.325593 0.248331 0.271033 0.363364 0.361537 0.330956 0.257891 0.287637 0.362655 0.312063 0.244706 0.359082 -0.085464 -0.065561 -0.054881 -0.081428 -0.102428 -0.107279 -0.079406 -0.104000 -0.132107 -0.132324 -0.108611 -0.082661 -0.110127 -0.125048 -0.101367 -0.082061 -0.131470 
166.779552 -0.133417 -0.128850 -0.149261 -0.141139 -0.150066 -0.139632 -0.101669 -0.122298 -0.130110 -0.124690 -0.132349 -0.128992 -0.105408 -0.142594 -0.138520 -0.132305 -0.126667 0.304884 0.249164 0.288530 0.309751 0.380272 0.384229 0.235244 0.272960 0.369565 0.365477 0.342822 0.289908 0.287443 0.372623 0.318511 0.240326 0.368941 -0.091417 -0.067942 -0.056157 -0.083883 -0.107812 -0.120974 -0.082831 -0.105973 -0.132735 -0.133881 -0.113060 -0.089409 -0.112422 -0.127759 -0.105066 -0.077913 -0.134091 
167.594264 -0.144355 -0.137013 -0.148291 -0.147130 -0.155466 -0.123027 -0.121167 -0.131161 -0.126143 -0.132030 -0.137510 -0.111783 -0.112783 -0.141067 -0.140234 -0.126846 -0.126256 0.327269 0.265660 0.290183 0.327343 0.393501 0.327820 0.277023 0.287503 0.363962 0.389357 0.352780 0.257483 0.298899 0.367279 0.316443 0.247378 0.367201 -0.091139 -0.070095 -0.057219 -0.087987 -0.107657 -0.109924 -0.083839 -0.108785 -0.134839 -0.138262 -0.113418 -0.086160 -0.109512 -0.126421 -0.100322 -0.085299 -0.132724 
163.289697 -0.139023 -0.132084 -0.144696 -0.118267 -0.127290 -0.152066 -0.104389 -0.125197 -0.128059 -0.100678 -0.112311 -0.146551 -0.104911 -0.140459 -0.132531 -0.138196 -0.125701 0.321565 0.260910 0.268185 0.238572 0.300368 0.419204 0.249022 0.284297 0.357044 0.285172 0.278878 0.327087 0.287822 0.366003 0.318684 0.251103 0.365247 -0.095787 -0.072743 -0.048883 -0.064564 -0.092072 -0.122240 -0.089288 -0.112090 -0.127777 -0.113703 -0.096704 -0.088835 -0.113227 -0.123882 -0.108183 -0.074573 -0.132489 
162.089361 -0.138540 -0.131054 -0.140918 -0.109974 -0.119092 -0.152323 -0.103181 -0.124755 -0.125321 -0.092900 -0.105016 -0.148176 -0.106087 -0.141434 -0.132258 -0.140399 -0.127912 0.319145 0.257517 0.255704 0.214956 0.273896 0.416506 0.246780 0.282553 0.346917 0.261433 0.256139 0.327463 0.294367 0.372064 0.323596 0.257722 0.374255 -0.095422 -0.072273 -0.045434 -0.058045 -0.086287 -0.120635 -0.089284 -0.112465 -0.125110 -0.107788 -0.091124 -0.087017 -0.116083 -0.126513 -0.112064 -0.076827 -0.135331 
161.721236 -0.136397 -0.129356 -0.139425 -0.108325 -0.116951 -0.148377 -0.102116 -0.123277 -0.124399 -0.091699 -0.103592 -0.144810 -0.107667 -0.142976 -0.133699 -0.141198 -0.130387 0.312049 0.253244 0.251030 0.210307 0.266674 0.400673 0.242693 0.280147 0.343329 0.257144 0.250977 0.317099 0.301602 0.380144 0.330833 0.262994 0.384208 -0.093464 -0.071035 -0.044319 -0.056835 -0.084274 -0.117910 -0.087476 -0.110706 -0.123784 -0.106329 -0.089427 -0.085020 -0.118372 -0.129274 -0.114747 -0.079724 -0.137857 
159.765578 -0.133573 -0.126668 -0.138936 -0.104649 -0.113719 -0.150748 -0.097380 -0.120235 -0.124414 -0.087393 -0.099822 -0.146950 -0.101380 -0.137906 -0.127635 -0.137296 -0.123834 0.304201 0.246581 0.246983 0.200568 0.257144 0.406964 0.232542 0.274281 0.341824 0.246145 0.241017 0.319743 0.280667 0.357711 0.309860 0.247919 0.358496 -0.092235 -0.069708 -0.042435 -0.054137 -0.082361 -0.118215 -0.086404 -0.109658 -0.123430 -0.104175 -0.087491 -0.084140 -0.112692 -0.121546 -0.108182 -0.071951 -0.130903 
161.186004 -0.132173 -0.125365 -0.142106 -0.112472 -0.120017 -0.148991 -0.097549 -0.119177 -0.126964 -0.094560 -0.107185 -0.145412 -0.102294 -0.140173 -0.131520 -0.138680 -0.125802 0.298371 0.243553 0.257941 0.223302 0.275676 0.398297 0.231543 0.271983 0.348933 0.262714 0.261326 0.318903 0.286486 0.367346 0.326182 0.256859 0.366717 -0.090060 -0.068628 -0.046176 -0.060874 -0.085712 -0.115917 -0.084916 -0.107903 -0.124102 -0.105921 -0.090396 -0.084333 -0.115180 -0.125023 -0.112509 -0.076231 -0.133818 
166.242948 -0.140772 -0.133511 -0.143490 -0.132510 -0.142165 -0.153787 -0.106462 -0.127086 -0.124259 -0.115926 -0.126006 -0.146044 -0.107516 -0.142420 -0.138216 -0.138992 -0.128157 0.327924 0.261454 0.269774 0.282142 0.353838 0.433554 0.254205 0.284207 0.349296 0.330791 0.324701 0.334457 0.294559 0.375160 0.329579 0.254361 0.374655 -0.097019 -0.071723 -0.050914 -0.076660 -0.103646 -0.126826 -0.090266 -0.110465 -0.127656 -0.123432 -0.107650 -0.093985 -0.114404 -0.128285 -0.109599 -0.078446 -0.135430 
162.849280 -0.138014 -0.130230 -0.139629 -0.115793 -0.124068 -0.148852 -0.104178 -0.124569 -0.122844 -0.099002 -0.110787 -0.144497 -0.108169 -0.142678 -0.135707 -0.140873 -0.130071 0.315870 0.253467 0.254099 0.232011 0.289181 0.403517 0.247652 0.280141 0.340217 0.275887 0.272480 0.321083 0.301412 0.378724 0.336293 0.264862 0.382980 -0.093904 -0.070588 -0.046014 -0.063168 -0.089036 -0.118543 -0.088109 -0.110600 -0.124018 -0.109471 -0.093619 -0.087113 -0.117690 -0.129336 -0.114725 -0.081091 -0.137724 
165.770755 -0.136335 -0.129903 -0.146865 -0.132610 -0.141787 -0.151076 -0.102706 -0.123303 -0.128789 -0.115211 -0.125725 -0.143754 -0.104961 -0.142385 -0.137260 -0.137846 -0.126928 0.313699 0.253842 0.278229 0.282752 0.351055 0.420372 0.243685 0.278425 0.361112 0.329476 0.323226 0.326491 0.289767 0.373625 0.328223 0.252644 0.370226 -0.093562 -0.070053 -0.052766 -0.076721 -0.102543 -0.123728 -0.087241 -0.108429 -0.129063 -0.123148 -0.106733 -0.091418 -0.114326 -0.127393 -0.109424 -0.077475 -0.134595 
161.223742 -0.131560 -0.125101 -0.141343 -0.107919 -0.116359 -0.148954 -0.096807 -0.119052 -0.127446 -0.090560 -0.102838 -0.145758 -0.105094 -0.142768 -0.132625 -0.141276 -0.129605 0.297706 0.243681 0.254853 0.209492 0.264529 0.400077 0.230373 0.272985 0.349986 0.254265 0.249272 0.317890 0.297166 0.378130 0.329643 0.262744 0.381285 -0.090382 -0.069001 -0.045075 -0.056636 -0.083712 -0.116697 -0.085123 -0.108483 -0.123891 -0.105528 -0.088908 -0.083708 -0.118510 -0.127940 -0.114662 -0.078116 -0.136955 
162.791712 -0.133669 -0.127610 -0.141223 -0.118157 -0.127392 -0.148329 -0.098807 -0.121264 -0.125099 -0.101695 -0.112077 -0.142510 -0.104582 -0.142054 -0.134189 -0.138050 -0.127872 0.305944 0.247902 0.258423 0.237295 0.300677 0.406651 0.234007 0.274151 0.347377 0.288495 0.278754 0.314509 0.291279 0.375079 0.322636 0.251310 0.374151 -0.092573 -0.069194 -0.047140 -0.064225 -0.092192 -0.120961 -0.085824 -0.108045 -0.125285 -0.115043 -0.097630 -0.087164 -0.115801 -0.128458 -0.110929 -0.077136 -0.135875 
161.758395 -0.134446 -0.128200 -0.142648 -0.111249 -0.119678 -0.145309 -0.100784 -0.121851 -0.127735 -0.094215 -0.105638 -0.141091 -0.105827 -0.142161 -0.132766 -0.138740 -0.128454 0.306417 0.251048 0.260863 0.217980 0.274197 0.391014 0.238026 0.277529 0.353660 0.266464 0.256972 0.307851 0.295036 0.374894 0.324046 0.256464 0.376468 -0.092202 -0.070501 -0.047137 -0.058698 -0.085690 -0.116754 -0.085777 -0.109941 -0.125638 -0.109415 -0.091199 -0.084016 -0.116456 -0.127009 -0.111588 -0.077678 -0.135597 
161.782360 -0.132828 -0.125651 -0.141134 -0.112859 -0.121504 -0.150081 -0.097930 -0.119910 -0.125802 -0.095320 -0.107679 -0.146015 -0.104861 -0.141428 -0.132957 -0.140311 -0.128265 0.301290 0.243231 0.254611 0.223695 0.280958 0.405811 0.233542 0.272976 0.346644 0.267233 0.264184 0.322018 0.293608 0.370909 0.328026 0.260571 0.375718 -0.091142 -0.068528 -0.045007 -0.060837 -0.087425 -0.118025 -0.085938 -0.108740 -0.124885 -0.108329 -0.092295 -0.085620 -0.116565 -0.125615 -0.112431 -0.077148 -0.135104 
164.045490 -0.138730 -0.131743 -0.141876 -0.122241 -0.131517 -0.151369 -0.104235 -0.125216 -0.124383 -0.105595 -0.116330 -0.145213 -0.106165 -0.141974 -0.135473 -0.138756 -0.127714 0.320917 0.258075 0.261742 0.249965 0.315173 0.419446 0.247994 0.281889 0.347142 0.298624 0.291864 0.325632 0.293062 0.374625 0.326215 0.253590 0.373387 -0.095538 -0.071444 -0.048021 -0.067865 -0.095387 -0.123305 -0.088855 -0.110304 -0.126254 -0.116465 -0.099999 -0.090028 -0.115139 -0.128429 -0.110980 -0.077934 -0.135735 
159.446718 -0.130694 -0.123950 -0.140650 -0.106322 -0.114750 -0.150101 -0.094866 -0.117564 -0.126443 -0.088358 -0.101051 -0.146623 -0.098875 -0.137057 -0.126830 -0.136454 -0.122123 0.294604 0.240336 0.251665 0.205459 0.259550 0.401930 0.226256 0.269234 0.346147 0.247417 0.244033 0.319161 0.275174 0.354030 0.309395 0.247454 0.352351 -0.089667 -0.068212 -0.043898 -0.055633 -0.082521 -0.116174 -0.084574 -0.107820 -0.123197 -0.103511 -0.087376 -0.083065 -0.111985 -0.120306 -0.107968 -0.071229 -0.129639 
160.742501 -0.140683 -0.132436 -0.140731 -0.099783 -0.106872 -0.146918 -0.107368 -0.126552 -0.126288 -0.082177 -0.096123 -0.145333 -0.109611 -0.142187 -0.131647 -0.142264 -0.130329 0.320842 0.262097 0.252430 0.189868 0.235259 0.386315 0.255290 0.288022 0.347654 0.227907 0.225395 0.314781 0.305666 0.375876 0.334234 0.270484 0.384278 -0.094499 -0.073706 -0.043411 -0.051585 -0.076050 -0.112827 -0.089151 -0.114937 -0.124713 -0.097368 -0.080491 -0.082149 -0.118554 -0.126826 -0.116844 -0.080796 -0.137280 
160.306339 -0.136284 -0.129278 -0.140314 -0.097626 -0.106299 -0.145974 -0.101942 -0.123202 -0.127266 -0.080863 -0.093588 -0.143910 -0.107507 -0.143219 -0.131001 -0.141408 -0.130538 0.310599 0.254310 0.251016 0.181965 0.233588 0.388273 0.241577 0.280916 0.350155 0.229650 0.220908 0.309052 0.302576 0.380176 0.326222 0.263559 0.385088 -0.093300 -0.072050 -0.043305 -0.048347 -0.076321 -0.114590 -0.087011 -0.112910 -0.124500 -0.100626 -0.081972 -0.081166 -0.119551 -0.129101 -0.116026 -0.079547 -0.138458 
163.765638 -0.136437 -0.129924 -0.140597 -0.123607 -0.133164 -0.148627 -0.101977 -0.123787 -0.122920 -0.107543 -0.117166 -0.141606 -0.106502 -0.141379 -0.135280 -0.137575 -0.127952 0.314535 0.252254 0.259182 0.253185 0.320536 0.411614 0.242066 0.277715 0.343291 0.306079 0.295139 0.316794 0.292715 0.371627 0.321230 0.251068 0.373768 -0.094443 -0.069826 -0.048037 -0.068637 -0.096584 -0.122921 -0.087443 -0.108955 -0.125451 -0.119136 -0.101833 -0.089670 -0.114150 -0.126545 -0.107991 -0.076911 -0.134367 
160.589156 -0.132915 -0.126258 -0.137294 -0.102229 -0.111251 -0.146704 -0.098216 -0.120454 -0.123718 -0.086109 -0.097955 -0.143915 -0.107320 -0.143703 -0.132925 -0.141831 -0.131699 0.301865 0.245419 0.242911 0.193477 0.249090 0.393181 0.233087 0.274647 0.339536 0.242775 0.234974 0.310972 0.303960 0.383797 0.330200 0.264401 0.389604 -0.091489 -0.069328 -0.041734 -0.051880 -0.080315 -0.116234 -0.085595 -0.109240 -0.122444 -0.103616 -0.086149 -0.082633 -0.120223 -0.130742 -0.116442 -0.080315 -0.139459 
163.426507 -0.136548 -0.129288 -0.141199 -0.120677 -0.129273 -0.150599 -0.102588 -0.123356 -0.124132 -0.103683 -0.115050 -0.145424 -0.107197 -0.141960 -0.135593 -0.140293 -0.129014 0.312915 0.251821 0.259269 0.246031 0.306941 0.412402 0.244725 0.279077 0.344317 0.290764 0.287436 0.326171 0.297340 0.374346 0.332115 0.261807 0.378261 -0.093430 -0.070067 -0.047577 -0.066984 -0.093162 -0.120580 -0.087897 -0.109395 -0.124600 -0.113252 -0.097736 -0.088812 -0.115900 -0.126603 -0.111401 -0.078546 -0.135258 
160.834409 -0.135442 -0.128592 -0.142557 -0.103089 -0.111414 -0.149981 -0.100437 -0.122157 -0.128900 -0.085400 -0.098478 -0.147243 -0.105457 -0.141745 -0.130531 -0.140969 -0.128333 0.308859 0.253508 0.257447 0.196978 0.249484 0.401903 0.239382 0.280427 0.354834 0.240669 0.235511 0.319668 0.295237 0.372788 0.324136 0.260307 0.376113 -0.092965 -0.071827 -0.044934 -0.053059 -0.080216 -0.116640 -0.087258 -0.111975 -0.125246 -0.102513 -0.085240 -0.083328 -0.117145 -0.125646 -0.113392 -0.076406 -0.135352 
166.716087 -0.112990 -0.110893 -0.150553 -0.145241 -0.156072 -0.151030 -0.077990 -0.103904 -0.135368 -0.127953 -0.135555 -0.140476 -0.095741 -0.144184 -0.138082 -0.135526 -0.126601 0.249552 0.208936 0.285914 0.325102 0.409092 0.424594 0.186441 0.237715 0.377371 0.378036 0.363412 0.316335 0.276475 0.379700 0.318399 0.239710 0.369254 -0.079663 -0.058505 -0.054882 -0.088205 -0.115282 -0.126126 -0.075401 -0.092464 -0.130044 -0.137574 -0.120463 -0.090581 -0.115911 -0.130012 -0.107892 -0.073137 -0.134950 
164.389688 -0.099580 -0.098603 -0.147666 -0.143605 -0.154505 -0.148077 -0.062757 -0.093457 -0.133315 -0.126012 -0.133259 -0.137350 -0.090275 -0.141098 -0.134897 -0.133219 -0.124386 0.215012 0.179563 0.276061 0.319350 0.402211 0.409377 0.154946 0.213034 0.366708 0.372474 0.357632 0.304370 0.264943 0.365312 0.309912 0.234595 0.360568 -0.072149 -0.051640 -0.053612 -0.087038 -0.113811 -0.122183 -0.068721 -0.086219 -0.126622 -0.136617 -0.119687 -0.086785 -0.114718 -0.124631 -0.104437 -0.069160 -0.131334 
166.947654 -0.105334 -0.103526 -0.148870 -0.144415 -0.155370 -0.151341 -0.068800 -0.098505 -0.134474 -0.127208 -0.135329 -0.141434 -0.097824 -0.147755 -0.141854 -0.140003 -0.132682 0.230076 0.190880 0.280119 0.322593 0.406349 0.422967 0.168312 0.225001 0.371695 0.375241 0.363982 0.316506 0.290358 0.393305 0.335759 0.252893 0.393124 -0.075888 -0.054510 -0.054150 -0.087851 -0.114749 -0.124785 -0.072312 -0.089928 -0.128283 -0.136482 -0.120217 -0.089329 -0.122349 -0.133728 -0.113427 -0.077076 -0.140129 
163.596042 -0.102884 -0.101576 -0.143287 -0.141958 -0.152735 -0.146397 -0.067074 -0.095799 -0.128430 -0.125232 -0.132387 -0.135879 -0.090849 -0.139947 -0.134584 -0.132122 -0.123529 0.222327 0.185304 0.264321 0.313340 0.394851 0.403420 0.162840 0.216892 0.352091 0.366890 0.353247 0.301401 0.264383 0.364727 0.309880 0.233594 0.357524 -0.073278 -0.052487 -0.050827 -0.085593 -0.112101 -0.121629 -0.069882 -0.086032 -0.123437 -0.134075 -0.117913 -0.086804 -0.113398 -0.125390 -0.104330 -0.069974 -0.131000 
163.504015 -0.099928 -0.098620 -0.145675 -0.139955 -0.150927 -0.149171 -0.062862 -0.093108 -0.131782 -0.122354 -0.130358 -0.139272 -0.089294 -0.140679 -0.134068 -0.133492 -0.123829 0.215384 0.179574 0.268291 0.306866 0.388091 0.411842 0.155361 0.212342 0.360520 0.358732 0.347686 0.307829 0.263280 0.365204 0.310756 0.234760 0.358826 -0.072072 -0.051612 -0.051085 -0.083775 -0.111067 -0.122037 -0.069004 -0.085745 -0.125110 -0.132953 -0.116949 -0.086295 -0.114703 -0.125269 -0.105780 -0.068981 -0.131596 
162.239099 -0.091273 -0.091441 -0.143067 -0.140434 -0.150994 -0.141518 -0.056093 -0.086045 -0.130086 -0.123654 -0.130235 -0.131227 -0.087026 -0.139892 -0.133601 -0.130888 -0.123613 0.192684 0.163660 0.261549 0.308159 0.387178 0.382324 0.139180 0.194972 0.353025 0.363126 0.346776 0.286194 0.259938 0.364642 0.308133 0.232401 0.358173 -0.065816 -0.047313 -0.050567 -0.084330 -0.110306 -0.116998 -0.063501 -0.079174 -0.121919 -0.133905 -0.117065 -0.082645 -0.114683 -0.125452 -0.104421 -0.069305 -0.131012 
164.984799 -0.101888 -0.101036 -0.148546 -0.143738 -0.154902 -0.153431 -0.065211 -0.094362 -0.134932 -0.125927 -0.133978 -0.142962 -0.090568 -0.141927 -0.135329 -0.135225 -0.124839 0.220444 0.186570 0.277644 0.320411 0.405415 0.429783 0.161054 0.216423 0.370745 0.370921 0.361564 0.319496 0.266610 0.370551 0.313465 0.236441 0.362222 -0.073173 -0.053267 -0.053288 -0.087263 -0.114826 -0.125699 -0.070745 -0.085887 -0.126282 -0.135473 -0.120227 -0.088960 -0.115111 -0.125866 -0.105632 -0.068298 -0.131682 
163.607566 -0.096725 -0.096347 -0.144599 -0.140149 -0.150922 -0.145993 -0.061386 -0.090246 -0.131818 -0.123460 -0.130432 -0.136243 -0.089979 -0.142966 -0.136144 -0.134270 -0.126527 0.206194 0.175131 0.266046 0.307242 0.387850 0.399963 0.150773 0.205252 0.359270 0.361958 0.347613 0.299793 0.269457 0.378280 0.317349 0.239210 0.369593 -0.069178 -0.050236 -0.051137 -0.083881 -0.110876 -0.120267 -0.066845 -0.082057 -0.123148 -0.133576 -0.117310 -0.085035 -0.117504 -0.130160 -0.108634 -0.072009 -0.134847 
169.070189 -0.138965 -0.134128 -0.150785 -0.145194 -0.155082 -0.148742 -0.107593 -0.126371 -0.131549 -0.128948 -0.136334 -0.138215 -0.108013 -0.144620 -0.140666 -0.136126 -0.128410 0.324419 0.266514 0.293935 0.323392 0.402951 0.422508 0.253975 0.286939 0.375353 0.379151 0.359221 0.318453 0.294890 0.382437 0.322865 0.246416 0.375310 -0.095537 -0.072038 -0.056954 -0.087153 -0.113416 -0.128089 -0.088078 -0.107885 -0.133298 -0.136758 -0.117787 -0.095067 -0.113583 -0.130165 -0.106244 -0.078639 -0.135514 
164.562841 -0.094272 -0.093987 -0.147637 -0.142703 -0.153489 -0.147111 -0.057612 -0.089255 -0.134434 -0.125139 -0.132844 -0.136892 -0.091484 -0.144032 -0.137523 -0.135946 -0.128523 0.201837 0.169951 0.274447 0.316668 0.398106 0.403663 0.144534 0.204181 0.367837 0.369459 0.356499 0.301042 0.274195 0.377577 0.322020 0.242658 0.376767 -0.069015 -0.049438 -0.053217 -0.086480 -0.112877 -0.120778 -0.066269 -0.083440 -0.125989 -0.135664 -0.119065 -0.085323 -0.119147 -0.128283 -0.108614 -0.071926 -0.135175 
162.042387 -0.078932 -0.080574 -0.142225 -0.142257 -0.153321 -0.142028 -0.042618 -0.076287 -0.130405 -0.125352 -0.131609 -0.131210 -0.083529 -0.140759 -0.134331 -0.131604 -0.125085 0.164737 0.140901 0.257512 0.314834 0.397496 0.382548 0.114241 0.172913 0.350387 0.369964 0.354381 0.284050 0.258128 0.367299 0.310880 0.233076 0.364052 -0.059309 -0.041745 -0.050196 -0.086398 -0.112663 -0.116444 -0.058054 -0.072552 -0.120511 -0.136007 -0.119798 -0.081258 -0.117534 -0.126690 -0.106097 -0.068757 -0.132489 
165.210318 -0.104247 -0.103124 -0.149548 -0.139248 -0.149874 -0.151436 -0.068586 -0.096256 -0.136796 -0.121505 -0.130206 -0.142316 -0.094612 -0.145387 -0.137819 -0.138340 -0.129294 0.226298 0.192222 0.278947 0.304993 0.384520 0.420539 0.167209 0.222128 0.376340 0.356233 0.346670 0.315659 0.280340 0.385279 0.325911 0.246478 0.379750 -0.074397 -0.054931 -0.052866 -0.083077 -0.110474 -0.123864 -0.071658 -0.087911 -0.127363 -0.132258 -0.116294 -0.087582 -0.119246 -0.130237 -0.110413 -0.072608 -0.136231 
165.157337 -0.105057 -0.103528 -0.143714 -0.142345 -0.153366 -0.149816 -0.068904 -0.097844 -0.129141 -0.126006 -0.133275 -0.139763 -0.094813 -0.144252 -0.138761 -0.136689 -0.128778 0.228540 0.190141 0.266050 0.314720 0.398369 0.417435 0.167913 0.221999 0.354593 0.369030 0.356802 0.312048 0.279378 0.383258 0.324685 0.244533 0.377890 -0.075041 -0.053800 -0.051193 -0.085915 -0.113211 -0.124173 -0.071798 -0.087540 -0.123820 -0.134477 -0.118901 -0.088724 -0.118505 -0.131552 -0.110062 -0.074432 -0.136699 
163.230040 -0.099515 -0.098559 -0.144329 -0.140439 -0.151590 -0.150307 -0.061839 -0.092963 -0.130252 -0.123144 -0.130486 -0.139889 -0.088147 -0.139376 -0.132884 -0.132526 -0.122407 0.214804 0.179367 0.265959 0.308216 0.391362 0.417229 0.153929 0.211561 0.355869 0.361224 0.349057 0.309628 0.259029 0.360897 0.305188 0.230684 0.353229 -0.072157 -0.051504 -0.051120 -0.084173 -0.112006 -0.123355 -0.069098 -0.085237 -0.123577 -0.133624 -0.117927 -0.086968 -0.113198 -0.123848 -0.103784 -0.067144 -0.129904 
166.300399 -0.114437 -0.112391 -0.147633 -0.143692 -0.154090 -0.147769 -0.080445 -0.105738 -0.132052 -0.127150 -0.134356 -0.137393 -0.099403 -0.144321 -0.138992 -0.136250 -0.128827 0.253400 0.211996 0.279168 0.319212 0.400259 0.412256 0.191419 0.241549 0.367639 0.374120 0.357894 0.308736 0.284772 0.381885 0.322513 0.244871 0.377356 -0.080435 -0.059122 -0.053915 -0.086767 -0.113226 -0.124476 -0.076013 -0.093268 -0.127645 -0.135956 -0.118701 -0.089964 -0.116486 -0.129282 -0.107073 -0.074784 -0.135075 
163.294322 -0.092724 -0.092842 -0.145471 -0.141606 -0.152395 -0.144114 -0.057754 -0.086648 -0.132984 -0.124594 -0.131489 -0.133724 -0.088035 -0.141854 -0.135070 -0.132619 -0.125218 0.195975 0.167383 0.267064 0.312636 0.393659 0.392597 0.142706 0.196986 0.362162 0.367025 0.351683 0.292892 0.264222 0.372466 0.312523 0.234987 0.364426 -0.066520 -0.048192 -0.051148 -0.085420 -0.111900 -0.119136 -0.064505 -0.079387 -0.123924 -0.135215 -0.118494 -0.083961 -0.116279 -0.127986 -0.106477 -0.070173 -0.132987 
165.006628 -0.094644 -0.094386 -0.145133 -0.144618 -0.155888 -0.148993 -0.057847 -0.089299 -0.131716 -0.127777 -0.134954 -0.138265 -0.091461 -0.144589 -0.138714 -0.136369 -0.129136 0.202460 0.170074 0.267941 0.323303 0.409059 0.412597 0.145343 0.202907 0.359681 0.377042 0.364640 0.306057 0.275468 0.382582 0.324089 0.242751 0.379394 -0.069022 -0.049006 -0.051782 -0.088368 -0.115356 -0.122966 -0.066680 -0.081945 -0.124257 -0.137054 -0.121369 -0.086948 -0.119830 -0.131037 -0.109996 -0.072886 -0.136647 
164.725594 -0.094885 -0.094634 -0.149144 -0.142116 -0.152532 -0.145520 -0.058764 -0.089768 -0.136136 -0.124314 -0.132490 -0.135539 -0.092376 -0.144942 -0.138216 -0.136270 -0.129406 0.203129 0.171761 0.278396 0.314913 0.393602 0.396925 0.145991 0.205808 0.373254 0.366905 0.354148 0.296773 0.276987 0.380854 0.325755 0.244327 0.380350 -0.069209 -0.049996 -0.053931 -0.085992 -0.111672 -0.119614 -0.066162 -0.084101 -0.127191 -0.134950 -0.117902 -0.084488 -0.119965 -0.129199 -0.109816 -0.073000 -0.136181 
164.033254 -0.087587 -0.087971 -0.144870 -0.145528 -0.157022 -0.148928 -0.049972 -0.083375 -0.131804 -0.128097 -0.135508 -0.137767 -0.086774 -0.142166 -0.136312 -0.134182 -0.126132 0.185608 0.156140 0.265543 0.326798 0.413858 0.410443 0.130172 0.189397 0.357717 0.378649 0.368186 0.303478 0.263938 0.371199 0.316575 0.236219 0.367782 -0.065019 -0.045572 -0.051329 -0.089445 -0.116233 -0.121918 -0.063243 -0.078038 -0.123577 -0.137466 -0.122250 -0.085622 -0.117809 -0.127469 -0.107477 -0.069332 -0.133576 
164.850098 -0.096191 -0.095542 -0.148682 -0.139888 -0.150231 -0.145131 -0.060315 -0.090857 -0.135989 -0.122364 -0.130531 -0.135998 -0.093834 -0.146820 -0.139629 -0.137824 -0.131479 0.206126 0.173725 0.276796 0.306940 0.384105 0.395098 0.148893 0.208240 0.372668 0.360002 0.346799 0.297601 0.283315 0.389492 0.332139 0.249891 0.388882 -0.069836 -0.050564 -0.053435 -0.083762 -0.109784 -0.118831 -0.066690 -0.085050 -0.127051 -0.133445 -0.116219 -0.084090 -0.122417 -0.132766 -0.113277 -0.076001 -0.139335 
163.417145 -0.137552 -0.132207 -0.150893 -0.146736 -0.157434 -0.155758 -0.099380 -0.121964 -0.128382 -0.126749 -0.134672 -0.141114 -0.077323 -0.117518 -0.113241 -0.111073 -0.091950 0.320306 0.258682 0.293485 0.329427 0.413745 0.448414 0.235307 0.271450 0.365519 0.373908 0.359340 0.325651 0.195051 0.277536 0.231685 0.173803 0.247142 -0.095622 -0.070159 -0.056768 -0.088765 -0.115945 -0.131686 -0.086446 -0.105887 -0.132576 -0.136323 -0.118840 -0.095558 -0.083468 -0.098094 -0.076998 -0.048221 -0.102020 
165.774357 -0.137526 -0.131861 -0.151143 -0.146704 -0.157222 -0.152549 -0.101467 -0.123418 -0.129677 -0.128177 -0.135869 -0.139511 -0.090576 -0.129120 -0.125302 -0.122229 -0.107850 0.319412 0.256822 0.294843 0.329184 0.412070 0.436398 0.239570 0.274122 0.369641 0.378649 0.360901 0.321413 0.235019 0.317897 0.268764 0.204217 0.299506 -0.095371 -0.069828 -0.057347 -0.088712 -0.115433 -0.129784 -0.086650 -0.107401 -0.133810 -0.137563 -0.118976 -0.095291 -0.096063 -0.110335 -0.088584 -0.060355 -0.116126 
161.946087 -0.140983 -0.134393 -0.145854 -0.143735 -0.154462 -0.152311 -0.103551 -0.124566 -0.121833 -0.124158 -0.131345 -0.137449 -0.079453 -0.113104 -0.110036 -0.109360 -0.091049 0.329614 0.261262 0.279611 0.317679 0.400427 0.435804 0.245772 0.274329 0.347556 0.365412 0.347815 0.319017 0.193283 0.260486 0.220313 0.172779 0.240489 -0.097439 -0.070550 -0.053900 -0.085671 -0.113120 -0.129704 -0.087973 -0.107592 -0.129626 -0.134308 -0.116432 -0.095308 -0.079228 -0.089815 -0.069956 -0.045834 -0.096891 
162.134353 -0.142814 -0.135957 -0.147911 -0.142440 -0.152989 -0.154203 -0.105257 -0.125679 -0.124083 -0.122387 -0.130893 -0.140146 -0.077855 -0.113552 -0.110049 -0.109234 -0.089521 0.334910 0.266658 0.284363 0.314083 0.394589 0.441152 0.249892 0.277350 0.353698 0.358107 0.345103 0.324720 0.191256 0.263237 0.222880 0.171772 0.237784 -0.098382 -0.072113 -0.054365 -0.084708 -0.111839 -0.129869 -0.088998 -0.108918 -0.131154 -0.132075 -0.114658 -0.095218 -0.079954 -0.092097 -0.072485 -0.046416 -0.097767 
164.364967 -0.136462 -0.130879 -0.147189 -0.147765 -0.158343 -0.149587 -0.101280 -0.122449 -0.124591 -0.129409 -0.136434 -0.135545 -0.089504 -0.123882 -0.121420 -0.118619 -0.104447 0.315900 0.253015 0.283371 0.332496 0.416270 0.425575 0.239047 0.272236 0.355010 0.382702 0.363783 0.313765 0.225818 0.298011 0.254550 0.197527 0.284919 -0.094157 -0.068291 -0.054866 -0.089809 -0.115954 -0.128476 -0.085753 -0.105296 -0.130832 -0.137819 -0.119590 -0.094988 -0.090173 -0.101705 -0.080678 -0.055833 -0.109261 
162.198572 -0.133194 -0.128098 -0.147787 -0.144364 -0.154499 -0.147368 -0.096849 -0.119174 -0.125646 -0.125146 -0.132289 -0.133192 -0.081659 -0.118724 -0.115079 -0.112579 -0.096702 0.305405 0.246000 0.284173 0.320404 0.399493 0.414141 0.227152 0.264363 0.356625 0.369079 0.349319 0.303910 0.205308 0.280147 0.236792 0.181924 0.260129 -0.091957 -0.066859 -0.055154 -0.086576 -0.112424 -0.125796 -0.083024 -0.103736 -0.130424 -0.135255 -0.116323 -0.091870 -0.085256 -0.096887 -0.076358 -0.050563 -0.103460 
160.975587 -0.138306 -0.132479 -0.147237 -0.147325 -0.157538 -0.146498 -0.101913 -0.121920 -0.122680 -0.127186 -0.133656 -0.130452 -0.071739 -0.107804 -0.104879 -0.101315 -0.082477 0.319462 0.256128 0.284318 0.330119 0.410926 0.412729 0.238074 0.267867 0.350629 0.376443 0.354680 0.300964 0.173552 0.245140 0.204445 0.156633 0.215929 -0.094122 -0.068646 -0.055291 -0.088929 -0.114288 -0.125994 -0.084221 -0.104247 -0.130334 -0.136689 -0.117581 -0.092554 -0.073707 -0.086618 -0.065441 -0.042487 -0.091090 
172.857623 -0.135174 -0.129574 -0.144633 -0.142638 -0.152768 -0.146768 -0.104401 -0.125424 -0.126798 -0.129071 -0.136120 -0.138193 -0.126664 -0.161273 -0.158445 -0.153002 -0.153785 0.312072 0.250853 0.276365 0.314350 0.394028 0.414400 0.247204 0.281683 0.359184 0.377417 0.357910 0.318071 0.373716 0.456289 0.393033 0.301671 0.480914 -0.093460 -0.068443 -0.053777 -0.085243 -0.111793 -0.126296 -0.087151 -0.106996 -0.129497 -0.135502 -0.117194 -0.094811 -0.137608 -0.153984 -0.130161 -0.103031 -0.160064 
160.833927 -0.138591 -0.132358 -0.146971 -0.142054 -0.152574 -0.154055 -0.100014 -0.121998 -0.123522 -0.121586 -0.129726 -0.139451 -0.073532 -0.109844 -0.106036 -0.106052 -0.085553 0.322279 0.257351 0.281738 0.312520 0.392980 0.439391 0.237694 0.270140 0.350497 0.356043 0.342901 0.322050 0.180098 0.250182 0.211412 0.163751 0.224551 -0.095918 -0.069898 -0.054261 -0.084361 -0.111567 -0.129242 -0.086767 -0.106290 -0.129127 -0.131600 -0.114554 -0.094194 -0.076502 -0.087103 -0.068270 -0.042354 -0.093112 
161.847661 -0.138322 -0.132325 -0.150091 -0.144208 -0.154350 -0.150714 -0.101105 -0.122091 -0.127071 -0.123861 -0.132036 -0.136521 -0.074735 -0.113525 -0.109500 -0.107131 -0.087789 0.320108 0.257541 0.291297 0.320182 0.398772 0.426077 0.237775 0.269841 0.361492 0.363808 0.348310 0.313474 0.186017 0.263572 0.221608 0.168015 0.233653 -0.094841 -0.069821 -0.056491 -0.086275 -0.112169 -0.127062 -0.085501 -0.106265 -0.131896 -0.133510 -0.115183 -0.092860 -0.079781 -0.093153 -0.072928 -0.046298 -0.097565 
163.136039 -0.138812 -0.133211 -0.150447 -0.149208 -0.159755 -0.151781 -0.102526 -0.123021 -0.126840 -0.129007 -0.135949 -0.136431 -0.078665 -0.113894 -0.110751 -0.108983 -0.090557 0.323067 0.260502 0.294037 0.337405 0.421864 0.434321 0.242419 0.274055 0.362824 0.383623 0.364327 0.317833 0.192059 0.262384 0.220873 0.171929 0.239222 -0.095521 -0.070205 -0.057421 -0.090717 -0.117037 -0.129582 -0.086492 -0.106183 -0.132263 -0.138463 -0.120094 -0.095453 -0.079196 -0.090249 -0.069743 -0.045668 -0.096724 
168.341145 -0.134259 -0.128816 -0.149860 -0.142529 -0.152831 -0.152825 -0.098656 -0.121935 -0.131129 -0.125758 -0.134413 -0.142706 -0.100912 -0.145307 -0.140398 -0.135385 -0.126409 0.309427 0.249456 0.289195 0.315296 0.394869 0.434399 0.232051 0.271071 0.370994 0.367380 0.353709 0.324287 0.281873 0.383444 0.326166 0.239612 0.368236 -0.093396 -0.068397 -0.055830 -0.085337 -0.112152 -0.128720 -0.085343 -0.106154 -0.132911 -0.134053 -0.116198 -0.093833 -0.115654 -0.136630 -0.114172 -0.079378 -0.139791 
162.081775 -0.140170 -0.134204 -0.151929 -0.143607 -0.153861 -0.151847 -0.102665 -0.123600 -0.128600 -0.122684 -0.130843 -0.137150 -0.075575 -0.112596 -0.108139 -0.107062 -0.087546 0.326741 0.263269 0.296091 0.318122 0.397155 0.431686 0.242220 0.274197 0.367475 0.362448 0.345067 0.315380 0.185677 0.258538 0.216339 0.166292 0.231498 -0.096701 -0.071459 -0.057062 -0.085593 -0.112173 -0.128461 -0.086890 -0.108337 -0.133976 -0.134380 -0.115294 -0.093592 -0.078558 -0.090136 -0.070283 -0.044360 -0.095792 
170.343183 -0.131808 -0.126496 -0.146032 -0.139373 -0.149773 -0.152062 -0.097863 -0.121359 -0.128777 -0.124153 -0.132618 -0.143687 -0.115714 -0.155291 -0.150819 -0.148081 -0.143794 0.303055 0.244040 0.276954 0.304243 0.383530 0.431362 0.232472 0.273291 0.362538 0.361284 0.348296 0.327494 0.336169 0.427983 0.368025 0.278806 0.437286 -0.092236 -0.067276 -0.052963 -0.082636 -0.110182 -0.128101 -0.085808 -0.105616 -0.129976 -0.132282 -0.115151 -0.094193 -0.130154 -0.146636 -0.124847 -0.092313 -0.152391 
160.609762 -0.142852 -0.136335 -0.146375 -0.139836 -0.150066 -0.152742 -0.104538 -0.125471 -0.122365 -0.119617 -0.127675 -0.137942 -0.073730 -0.109024 -0.105016 -0.104529 -0.084316 0.335256 0.267544 0.280625 0.304719 0.382717 0.434773 0.247587 0.276183 0.348523 0.349155 0.334172 0.317399 0.178746 0.248863 0.208451 0.160631 0.221293 -0.098682 -0.072386 -0.053892 -0.082185 -0.109412 -0.129134 -0.088492 -0.108654 -0.129411 -0.130195 -0.112456 -0.093984 -0.075494 -0.087298 -0.067700 -0.042310 -0.092578 
163.138851 -0.131521 -0.126416 -0.146939 -0.147164 -0.157577 -0.147244 -0.095824 -0.117986 -0.124962 -0.128615 -0.135756 -0.133325 -0.083508 -0.122198 -0.119303 -0.115042 -0.100176 0.299997 0.241185 0.281507 0.330532 0.412284 0.414060 0.224264 0.261278 0.354191 0.379250 0.360888 0.305102 0.213801 0.294077 0.249649 0.189232 0.273057 -0.090367 -0.065306 -0.054518 -0.089412 -0.114822 -0.125804 -0.082068 -0.101748 -0.130063 -0.136873 -0.118553 -0.092295 -0.089121 -0.102870 -0.081407 -0.054837 -0.108363 
161.448442 -0.134516 -0.128789 -0.144290 -0.143653 -0.154215 -0.148915 -0.097302 -0.119719 -0.121392 -0.124781 -0.131684 -0.134445 -0.078805 -0.115809 -0.112641 -0.110155 -0.093160 0.309276 0.246241 0.274012 0.317552 0.399004 0.420850 0.228870 0.263481 0.344125 0.366301 0.347940 0.307966 0.197003 0.271993 0.229398 0.175822 0.249360 -0.092805 -0.066626 -0.052756 -0.085907 -0.112574 -0.127014 -0.083796 -0.103238 -0.128158 -0.134306 -0.116295 -0.092727 -0.082703 -0.095403 -0.074590 -0.048896 -0.101066 
160.184445 -0.132491 -0.127496 -0.150758 -0.143062 -0.153594 -0.152141 -0.093592 -0.116871 -0.127966 -0.121330 -0.129194 -0.136689 -0.069048 -0.107267 -0.102358 -0.102714 -0.081926 0.304235 0.246363 0.290317 0.316226 0.396600 0.431065 0.221524 0.261536 0.363399 0.359611 0.342847 0.312643 0.169906 0.240063 0.200409 0.155056 0.213193 -0.092092 -0.067372 -0.055628 -0.085270 -0.112300 -0.127772 -0.083047 -0.103505 -0.131863 -0.134188 -0.115678 -0.091992 -0.073950 -0.083278 -0.064722 -0.038578 -0.089421 
160.117836 -0.134593 -0.129450 -0.152062 -0.144922 -0.155644 -0.155367 -0.093543 -0.117839 -0.128313 -0.122384 -0.130336 -0.138452 -0.062341 -0.102682 -0.097400 -0.097173 -0.074460 0.311189 0.251084 0.295239 0.322996 0.405625 0.444679 0.222051 0.261741 0.365406 0.363567 0.347886 0.317840 0.153730 0.227183 0.187086 0.141437 0.192927 -0.094020 -0.068545 -0.056884 -0.087002 -0.114301 -0.130413 -0.084019 -0.104267 -0.132837 -0.135313 -0.117166 -0.093367 -0.069532 -0.080609 -0.061651 -0.034703 -0.084433 
160.095606 -0.141308 -0.134534 -0.143600 -0.143182 -0.154116 -0.153599 -0.102306 -0.123622 -0.118557 -0.122944 -0.129953 -0.137596 -0.069562 -0.104442 -0.101315 -0.100700 -0.079583 0.330583 0.261008 0.273113 0.315470 0.399306 0.440664 0.243032 0.270784 0.337829 0.360699 0.344680 0.319949 0.167005 0.234393 0.195941 0.152302 0.206504 -0.097533 -0.070228 -0.052424 -0.085113 -0.112968 -0.130381 -0.087652 -0.106026 -0.127408 -0.132932 -0.115925 -0.095237 -0.071278 -0.082658 -0.062893 -0.039114 -0.087696 
