165.578046 -0.136764 -0.127998 -0.113398 -0.142615 -0.155441 -0.153403 -0.100729 -0.124498 -0.091484 -0.133286 -0.136564 -0.141845 -0.110335 -0.138845 -0.143680 -0.137713 -0.131794 0.317888 0.234576 0.201657 0.311494 0.408978 0.447562 0.243057 0.264772 0.256315 0.377856 0.364327 0.334954 0.302227 0.379589 0.331095 0.255215 0.388611 -0.095103 -0.061425 -0.040021 -0.086084 -0.116042 -0.133658 -0.089046 -0.098113 -0.104975 -0.131586 -0.120736 -0.100932 -0.114033 -0.135776 -0.108289 -0.084440 -0.138730 
167.194646 -0.135301 -0.129709 -0.156357 -0.139762 -0.149489 -0.147273 -0.102318 -0.122346 -0.137755 -0.120740 -0.131159 -0.137409 -0.102343 -0.140773 -0.135180 -0.133005 -0.123063 0.311237 0.254106 0.303346 0.306931 0.379117 0.410229 0.239630 0.277345 0.391582 0.355699 0.341054 0.310495 0.277398 0.358600 0.310120 0.236712 0.354854 -0.093119 -0.069957 -0.056751 -0.082982 -0.108129 -0.123879 -0.085297 -0.109287 -0.139572 -0.133013 -0.112511 -0.090902 -0.110075 -0.121924 -0.102677 -0.072530 -0.130133 
173.506744 -0.135700 -0.132381 -0.187187 -0.145712 -0.153319 -0.149426 -0.103988 -0.123516 -0.173099 -0.121914 -0.135035 -0.140176 -0.106068 -0.151472 -0.140662 -0.139730 -0.129995 0.314704 0.274824 0.413759 0.330787 0.391115 0.414350 0.241620 0.292918 0.512642 0.370756 0.351876 0.312092 0.294931 0.388964 0.330810 0.247572 0.381478 -0.094809 -0.077507 -0.083565 -0.088348 -0.109715 -0.123720 -0.085411 -0.117844 -0.158748 -0.139734 -0.113935 -0.089334 -0.118491 -0.126945 -0.109311 -0.074285 -0.136481 
168.174305 -0.134005 -0.129325 -0.149850 -0.142407 -0.152190 -0.149861 -0.100368 -0.122582 -0.131417 -0.125842 -0.133704 -0.139721 -0.106718 -0.144807 -0.140309 -0.137433 -0.129414 0.309361 0.252661 0.291202 0.314135 0.391623 0.423667 0.237190 0.276647 0.372367 0.368709 0.351453 0.318804 0.294594 0.382124 0.325835 0.248491 0.379217 -0.093281 -0.069337 -0.057111 -0.084909 -0.111301 -0.127323 -0.085891 -0.106777 -0.131476 -0.134305 -0.115925 -0.093772 -0.115179 -0.129395 -0.107391 -0.077792 -0.135905 
166.670811 -0.138931 -0.132016 -0.137687 -0.145104 -0.155963 -0.149324 -0.105103 -0.125927 -0.115842 -0.130501 -0.136937 -0.137702 -0.104515 -0.137857 -0.137413 -0.132079 -0.123460 0.322643 0.252471 0.258760 0.322294 0.407433 0.425988 0.248819 0.275572 0.328422 0.379180 0.362643 0.319995 0.279525 0.359527 0.310634 0.237794 0.356155 -0.095434 -0.067658 -0.050237 -0.087576 -0.114428 -0.128797 -0.087882 -0.105146 -0.124388 -0.134781 -0.118473 -0.096513 -0.107995 -0.125015 -0.101293 -0.075714 -0.130512 
164.857335 -0.134639 -0.127064 -0.127496 -0.140408 -0.151976 -0.147195 -0.100758 -0.122254 -0.105923 -0.127630 -0.133368 -0.136399 -0.105428 -0.137963 -0.138633 -0.133268 -0.126160 0.308883 0.236650 0.229562 0.305298 0.391802 0.417233 0.238699 0.265424 0.298540 0.365797 0.350779 0.315621 0.286342 0.365150 0.316847 0.244294 0.366901 -0.092155 -0.063008 -0.043332 -0.083616 -0.111567 -0.126944 -0.085790 -0.100491 -0.117618 -0.131183 -0.116306 -0.095092 -0.110657 -0.128803 -0.104460 -0.079297 -0.133717 
164.766533 -0.136555 -0.128721 -0.124176 -0.139371 -0.150984 -0.149784 -0.102106 -0.124020 -0.102548 -0.127258 -0.132644 -0.139182 -0.107249 -0.137685 -0.139012 -0.134854 -0.127341 0.315657 0.240590 0.223440 0.301522 0.388928 0.428040 0.243905 0.268992 0.288021 0.362240 0.349210 0.324023 0.290431 0.366719 0.319361 0.247927 0.370984 -0.094008 -0.063976 -0.042887 -0.082733 -0.111320 -0.128982 -0.087759 -0.101131 -0.113877 -0.129428 -0.115961 -0.096835 -0.110684 -0.128504 -0.104100 -0.079276 -0.133511 
165.764405 -0.133059 -0.125370 -0.128254 -0.142432 -0.154566 -0.150851 -0.097667 -0.120992 -0.106696 -0.129433 -0.135403 -0.139622 -0.105944 -0.139441 -0.140142 -0.135379 -0.128035 0.305404 0.231948 0.230683 0.312724 0.403627 0.432228 0.232877 0.262320 0.300968 0.372998 0.359596 0.324267 0.290036 0.369117 0.321003 0.247006 0.373989 -0.092118 -0.061994 -0.043305 -0.085700 -0.114409 -0.129612 -0.085842 -0.100244 -0.118831 -0.133335 -0.118979 -0.096784 -0.112557 -0.129918 -0.106046 -0.079608 -0.135349 
170.505147 -0.141509 -0.136249 -0.166563 -0.147038 -0.156421 -0.148763 -0.109331 -0.127832 -0.147381 -0.126845 -0.137067 -0.137511 -0.104392 -0.142866 -0.136826 -0.133131 -0.123277 0.331019 0.274195 0.340076 0.332896 0.406331 0.419628 0.255725 0.290614 0.425316 0.380222 0.360296 0.313623 0.279602 0.362366 0.309057 0.234247 0.355358 -0.097492 -0.075048 -0.065544 -0.089339 -0.113493 -0.126806 -0.088232 -0.114614 -0.147683 -0.140187 -0.117354 -0.093444 -0.109836 -0.122415 -0.101657 -0.072370 -0.130378 
174.503143 -0.138746 -0.134618 -0.185794 -0.150449 -0.158998 -0.152840 -0.107466 -0.125282 -0.170547 -0.127024 -0.139321 -0.142720 -0.106721 -0.150324 -0.140728 -0.139540 -0.128982 0.324575 0.280047 0.408154 0.347538 0.416036 0.432171 0.251752 0.297148 0.503271 0.387686 0.368960 0.324393 0.293756 0.384321 0.325306 0.246641 0.377067 -0.096540 -0.078108 -0.081140 -0.092615 -0.115278 -0.127494 -0.087720 -0.117715 -0.159181 -0.143947 -0.118918 -0.092983 -0.116475 -0.125475 -0.106615 -0.073414 -0.134844 
167.698260 -0.142082 -0.134832 -0.135501 -0.143017 -0.153456 -0.147355 -0.109746 -0.129286 -0.114175 -0.129797 -0.135572 -0.136791 -0.111546 -0.143093 -0.143033 -0.136866 -0.130965 0.331642 0.259653 0.255401 0.314117 0.396669 0.419015 0.259942 0.282107 0.323310 0.374619 0.355900 0.318209 0.303699 0.384476 0.331753 0.254569 0.385432 -0.097069 -0.069441 -0.050450 -0.085301 -0.112140 -0.127739 -0.089502 -0.106787 -0.122002 -0.132990 -0.116554 -0.096427 -0.114633 -0.133686 -0.108623 -0.084090 -0.138348 
163.897232 -0.138853 -0.129373 -0.109158 -0.140277 -0.153031 -0.152680 -0.102715 -0.125555 -0.087078 -0.131424 -0.134220 -0.141223 -0.106697 -0.134095 -0.139737 -0.133790 -0.126405 0.323379 0.236665 0.193295 0.302866 0.398779 0.444484 0.247688 0.264727 0.243007 0.368724 0.355812 0.333916 0.286927 0.363666 0.317940 0.245805 0.367728 -0.095935 -0.061652 -0.038958 -0.083893 -0.113907 -0.132926 -0.089665 -0.097756 -0.100750 -0.128654 -0.118529 -0.100585 -0.108879 -0.131894 -0.104066 -0.081111 -0.134068 
166.872724 -0.131151 -0.126147 -0.142816 -0.141007 -0.151040 -0.148649 -0.097049 -0.120308 -0.124002 -0.125533 -0.132936 -0.138629 -0.106578 -0.143620 -0.140465 -0.137304 -0.129924 0.300386 0.241721 0.271028 0.308940 0.387401 0.418419 0.229743 0.268917 0.348357 0.364602 0.349364 0.316162 0.295309 0.380866 0.328144 0.250700 0.381295 -0.091253 -0.066197 -0.053003 -0.083953 -0.110422 -0.126267 -0.084455 -0.103661 -0.126002 -0.132126 -0.115202 -0.093286 -0.115327 -0.129720 -0.107727 -0.078757 -0.136107 
165.929066 -0.133877 -0.127232 -0.129132 -0.145790 -0.157323 -0.152076 -0.098334 -0.122069 -0.107929 -0.132947 -0.137746 -0.140203 -0.104104 -0.137450 -0.138559 -0.133584 -0.125193 0.308862 0.238360 0.238936 0.323793 0.414919 0.438323 0.235192 0.265410 0.302181 0.383915 0.368323 0.327684 0.281877 0.363658 0.314149 0.241265 0.362630 -0.093032 -0.063734 -0.047502 -0.088452 -0.116531 -0.131074 -0.086501 -0.100299 -0.115780 -0.134573 -0.120811 -0.098136 -0.109322 -0.126946 -0.102068 -0.076365 -0.131596 
164.970172 -0.135963 -0.127591 -0.124832 -0.137488 -0.149520 -0.152339 -0.099989 -0.123224 -0.103279 -0.124995 -0.131275 -0.141984 -0.106827 -0.139095 -0.139740 -0.136339 -0.128421 0.314230 0.237064 0.222373 0.295862 0.384065 0.436986 0.239312 0.266291 0.290769 0.355635 0.345218 0.329049 0.292073 0.370580 0.323311 0.248990 0.375606 -0.094298 -0.063439 -0.041593 -0.081295 -0.110738 -0.130150 -0.087814 -0.101784 -0.115919 -0.128706 -0.115330 -0.096962 -0.112886 -0.131040 -0.107541 -0.080340 -0.136144 
164.183456 -0.133992 -0.126011 -0.121339 -0.139046 -0.150999 -0.147725 -0.099204 -0.121804 -0.099787 -0.127663 -0.132335 -0.136820 -0.105625 -0.137331 -0.139074 -0.133529 -0.126893 0.307380 0.231980 0.216087 0.299880 0.388568 0.420501 0.235882 0.261822 0.280216 0.363201 0.347816 0.317038 0.287660 0.366922 0.317793 0.245206 0.369827 -0.092150 -0.061494 -0.041347 -0.082440 -0.111235 -0.127844 -0.085803 -0.098863 -0.112246 -0.129995 -0.116280 -0.095767 -0.111095 -0.130632 -0.105185 -0.080401 -0.134732 
168.188914 -0.143064 -0.135483 -0.138447 -0.143837 -0.155307 -0.154295 -0.108585 -0.129499 -0.116578 -0.129489 -0.136108 -0.143074 -0.109398 -0.141333 -0.140383 -0.136933 -0.128338 0.337058 0.262074 0.260077 0.317791 0.406384 0.447814 0.259857 0.283821 0.331834 0.376513 0.360734 0.335013 0.294631 0.372115 0.320223 0.247674 0.374518 -0.099258 -0.070438 -0.049874 -0.086186 -0.115037 -0.132729 -0.091616 -0.108671 -0.126101 -0.135163 -0.119114 -0.099367 -0.111911 -0.128412 -0.104790 -0.078597 -0.134599 
168.470212 -0.136662 -0.130993 -0.145475 -0.143508 -0.153666 -0.148960 -0.103644 -0.124908 -0.126014 -0.128177 -0.135080 -0.138657 -0.109412 -0.145248 -0.142241 -0.138118 -0.131215 0.316416 0.254199 0.280224 0.317016 0.397390 0.422549 0.245134 0.278393 0.357090 0.374652 0.355618 0.319308 0.301655 0.386319 0.330253 0.253635 0.386335 -0.094439 -0.069168 -0.055122 -0.085712 -0.112446 -0.127472 -0.087130 -0.106999 -0.128931 -0.135067 -0.117065 -0.094947 -0.116206 -0.131789 -0.108568 -0.081151 -0.137863 
167.070844 -0.134351 -0.127483 -0.138847 -0.140461 -0.151416 -0.150132 -0.100330 -0.122387 -0.118821 -0.125537 -0.133271 -0.140360 -0.108771 -0.143783 -0.141821 -0.138674 -0.131316 0.308850 0.241992 0.257555 0.307077 0.389437 0.425488 0.238369 0.270614 0.334673 0.363340 0.350728 0.323387 0.301084 0.381476 0.332308 0.256201 0.386869 -0.092792 -0.065750 -0.048753 -0.083623 -0.111084 -0.127248 -0.086394 -0.104510 -0.125723 -0.131797 -0.115599 -0.094799 -0.116402 -0.131388 -0.109599 -0.081494 -0.138044 
165.315423 -0.135554 -0.127242 -0.120406 -0.144105 -0.156305 -0.148747 -0.100708 -0.123318 -0.098198 -0.133250 -0.137011 -0.136755 -0.107365 -0.137408 -0.140711 -0.133934 -0.127853 0.312463 0.233696 0.216815 0.316816 0.410240 0.427400 0.240032 0.263180 0.276564 0.381833 0.364223 0.320630 0.290795 0.367785 0.319498 0.246812 0.373123 -0.093346 -0.061530 -0.042570 -0.087037 -0.115554 -0.129846 -0.086766 -0.098925 -0.111217 -0.133711 -0.120333 -0.098139 -0.110813 -0.130571 -0.104097 -0.081050 -0.134684 
170.289946 -0.141774 -0.134136 -0.145835 -0.147361 -0.160096 -0.172125 -0.102755 -0.127431 -0.125156 -0.130684 -0.139046 -0.161630 -0.104826 -0.141953 -0.139128 -0.141415 -0.126399 0.337039 0.262888 0.279661 0.331730 0.430906 0.523631 0.253165 0.284592 0.354286 0.382610 0.379136 0.389126 0.285868 0.369761 0.318274 0.247617 0.366792 -0.100991 -0.071948 -0.053834 -0.089572 -0.121449 -0.142547 -0.094987 -0.110451 -0.129430 -0.136985 -0.124210 -0.105743 -0.112467 -0.126058 -0.105404 -0.072797 -0.132909 
168.125211 -0.141432 -0.134716 -0.146744 -0.143642 -0.153001 -0.137922 -0.112803 -0.128786 -0.126066 -0.128442 -0.134873 -0.127522 -0.112061 -0.143917 -0.141649 -0.134193 -0.129955 0.325902 0.261957 0.283904 0.316500 0.390324 0.381008 0.262846 0.284644 0.360413 0.376574 0.349814 0.293484 0.303484 0.379115 0.325540 0.253573 0.381391 -0.094315 -0.070375 -0.055501 -0.085292 -0.109517 -0.120107 -0.086706 -0.109088 -0.132140 -0.135830 -0.114619 -0.091411 -0.113849 -0.129609 -0.105461 -0.083604 -0.136235 
167.848388 -0.139658 -0.133840 -0.149221 -0.143767 -0.151921 -0.128642 -0.113226 -0.127861 -0.128964 -0.128405 -0.134905 -0.118254 -0.112148 -0.145050 -0.142584 -0.131431 -0.130167 0.317748 0.259890 0.291980 0.317062 0.382673 0.346312 0.258714 0.282262 0.369324 0.376781 0.345953 0.268341 0.304891 0.384027 0.329774 0.251874 0.382897 -0.091488 -0.069624 -0.057784 -0.085479 -0.106542 -0.113783 -0.083143 -0.107971 -0.133736 -0.135490 -0.112142 -0.086801 -0.114789 -0.132369 -0.107293 -0.086554 -0.138026 
168.105790 -0.140148 -0.133642 -0.149378 -0.144482 -0.153912 -0.139275 -0.111185 -0.127387 -0.128905 -0.128281 -0.135759 -0.128946 -0.109836 -0.143030 -0.140431 -0.133544 -0.128041 0.322315 0.260361 0.290217 0.320342 0.394066 0.384563 0.259048 0.283285 0.368235 0.376750 0.353494 0.296394 0.296971 0.373695 0.322908 0.250253 0.373911 -0.093606 -0.070168 -0.056447 -0.086370 -0.110169 -0.120304 -0.086194 -0.108833 -0.133935 -0.135744 -0.114839 -0.091302 -0.112589 -0.127486 -0.104470 -0.081303 -0.134422 
167.631055 -0.139118 -0.133275 -0.147166 -0.143653 -0.151923 -0.127357 -0.113003 -0.127493 -0.126612 -0.128791 -0.134825 -0.116715 -0.113434 -0.144858 -0.142834 -0.131499 -0.131124 0.316260 0.257710 0.285049 0.316467 0.382813 0.342818 0.258120 0.281543 0.362734 0.378137 0.345732 0.265313 0.307956 0.383625 0.329350 0.253053 0.386418 -0.091112 -0.068846 -0.055832 -0.085450 -0.106631 -0.113575 -0.082858 -0.107076 -0.133043 -0.136083 -0.112564 -0.086835 -0.114682 -0.131674 -0.106313 -0.086857 -0.137841 
167.280622 -0.134751 -0.128961 -0.149438 -0.142341 -0.151273 -0.134474 -0.106249 -0.123174 -0.130118 -0.126214 -0.133544 -0.124622 -0.108792 -0.144351 -0.140978 -0.133021 -0.129166 0.304924 0.248158 0.289107 0.312877 0.382272 0.364948 0.244507 0.274150 0.370131 0.370236 0.344893 0.282337 0.298600 0.379412 0.326783 0.251506 0.378941 -0.089590 -0.067265 -0.056288 -0.084475 -0.107349 -0.116157 -0.082301 -0.105997 -0.133547 -0.134568 -0.112709 -0.087732 -0.114937 -0.130274 -0.107136 -0.083355 -0.136749 
167.377356 -0.131542 -0.127274 -0.145502 -0.144891 -0.154394 -0.142491 -0.098423 -0.121168 -0.125639 -0.129217 -0.136543 -0.130765 -0.106159 -0.143128 -0.140658 -0.133607 -0.128486 0.300982 0.243497 0.278945 0.323193 0.399275 0.396299 0.228995 0.268848 0.356135 0.378908 0.358909 0.295691 0.290759 0.376783 0.324450 0.241718 0.375785 -0.091185 -0.066123 -0.054526 -0.087895 -0.111971 -0.124229 -0.082686 -0.103694 -0.129800 -0.135870 -0.116856 -0.091845 -0.113408 -0.129382 -0.106219 -0.078565 -0.135431 
168.803760 -0.135858 -0.129772 -0.151174 -0.145643 -0.156480 -0.154593 -0.102121 -0.123116 -0.132052 -0.128459 -0.136507 -0.144604 -0.104691 -0.142948 -0.138877 -0.137208 -0.126500 0.314203 0.253207 0.294127 0.325193 0.409476 0.443722 0.243724 0.277612 0.374624 0.378095 0.363466 0.336913 0.287288 0.372050 0.318636 0.247747 0.367797 -0.093922 -0.069373 -0.057186 -0.087583 -0.115200 -0.129488 -0.087749 -0.107558 -0.133142 -0.136671 -0.119113 -0.096454 -0.113041 -0.126345 -0.104945 -0.075758 -0.133234 
167.559494 -0.130078 -0.126382 -0.149277 -0.144974 -0.154418 -0.143742 -0.096471 -0.119844 -0.130045 -0.128469 -0.136129 -0.131860 -0.104523 -0.143058 -0.139450 -0.133300 -0.127393 0.297474 0.243051 0.288630 0.323900 0.399662 0.400351 0.224641 0.268137 0.369107 0.378593 0.358177 0.296896 0.286441 0.374045 0.319920 0.238066 0.371433 -0.090747 -0.066422 -0.056271 -0.087955 -0.112258 -0.124875 -0.082178 -0.103946 -0.132507 -0.136833 -0.117202 -0.091609 -0.112809 -0.127771 -0.105088 -0.076203 -0.134183 
168.313127 -0.134819 -0.128337 -0.144054 -0.145401 -0.156351 -0.152439 -0.101153 -0.122556 -0.124280 -0.129764 -0.137217 -0.142408 -0.106431 -0.143834 -0.141524 -0.137917 -0.129093 0.310314 0.246321 0.274369 0.323996 0.409145 0.435458 0.240695 0.272712 0.350780 0.378905 0.365238 0.331408 0.294517 0.380377 0.328518 0.252937 0.378266 -0.092821 -0.066994 -0.053287 -0.087702 -0.114950 -0.128543 -0.086752 -0.104933 -0.128113 -0.135330 -0.118947 -0.096160 -0.115347 -0.131068 -0.108640 -0.080104 -0.136849 
168.675825 -0.137701 -0.131811 -0.147526 -0.141906 -0.152735 -0.160637 -0.100206 -0.125119 -0.128089 -0.125167 -0.133938 -0.150137 -0.105592 -0.143689 -0.139592 -0.139311 -0.128249 0.322864 0.257536 0.283961 0.313202 0.397352 0.467488 0.241064 0.279697 0.362357 0.365054 0.355642 0.346625 0.290018 0.377235 0.324186 0.245608 0.374497 -0.097659 -0.070859 -0.055009 -0.084897 -0.113639 -0.134587 -0.090033 -0.109358 -0.130503 -0.133261 -0.117478 -0.098534 -0.114415 -0.128742 -0.108009 -0.075237 -0.135392 
167.556090 -0.134210 -0.129663 -0.147757 -0.142538 -0.151151 -0.135436 -0.104121 -0.123691 -0.128273 -0.126947 -0.134135 -0.124762 -0.110410 -0.145373 -0.142367 -0.134191 -0.131425 0.306268 0.250167 0.285805 0.314270 0.383337 0.369982 0.239721 0.275020 0.364990 0.372057 0.347080 0.281121 0.302960 0.385275 0.331539 0.250193 0.387451 -0.091230 -0.067796 -0.056083 -0.085203 -0.107863 -0.118959 -0.082567 -0.105882 -0.131860 -0.134643 -0.113355 -0.088924 -0.115718 -0.131422 -0.107928 -0.083099 -0.137915 
165.603778 -0.133492 -0.128154 -0.147196 -0.141151 -0.149534 -0.129256 -0.105754 -0.122068 -0.127630 -0.125429 -0.131806 -0.119023 -0.105736 -0.140796 -0.137582 -0.128306 -0.124904 0.300099 0.245462 0.283140 0.308027 0.374209 0.346743 0.240996 0.270852 0.362766 0.367113 0.337717 0.267830 0.286332 0.367072 0.313601 0.240964 0.362550 -0.087998 -0.066250 -0.055309 -0.083210 -0.105215 -0.113114 -0.080296 -0.104116 -0.131589 -0.133855 -0.111122 -0.085402 -0.110631 -0.126710 -0.102566 -0.080429 -0.132612 
167.305500 -0.142170 -0.135457 -0.147977 -0.142388 -0.151027 -0.132726 -0.115248 -0.129263 -0.127314 -0.126646 -0.133913 -0.122814 -0.110797 -0.142633 -0.140355 -0.131379 -0.127574 0.325592 0.264216 0.287690 0.312370 0.380106 0.359910 0.266231 0.285660 0.363894 0.369556 0.343865 0.280544 0.298372 0.374455 0.324132 0.250220 0.372562 -0.093189 -0.070803 -0.056476 -0.084182 -0.106366 -0.115647 -0.085491 -0.109264 -0.132634 -0.133254 -0.111356 -0.088431 -0.112233 -0.128703 -0.104926 -0.083678 -0.134872 
166.129769 -0.137975 -0.131882 -0.148856 -0.142774 -0.150158 -0.116624 -0.115967 -0.126122 -0.128657 -0.127360 -0.133492 -0.106632 -0.112227 -0.142367 -0.140292 -0.126424 -0.127689 0.307129 0.254429 0.290149 0.312349 0.370723 0.303601 0.261082 0.279910 0.368445 0.373015 0.337608 0.240948 0.302184 0.373775 0.322554 0.250105 0.373239 -0.086480 -0.067729 -0.057326 -0.084124 -0.102211 -0.104231 -0.079511 -0.105548 -0.133489 -0.134137 -0.108723 -0.081260 -0.111754 -0.127870 -0.102586 -0.086927 -0.134172 
168.422177 -0.134812 -0.130170 -0.148405 -0.142812 -0.152938 -0.154987 -0.098431 -0.123363 -0.129251 -0.126215 -0.134627 -0.143864 -0.105681 -0.144194 -0.140103 -0.137698 -0.128772 0.313893 0.253787 0.286790 0.316526 0.397028 0.443733 0.234117 0.276573 0.366124 0.369324 0.356177 0.327676 0.290685 0.379575 0.325113 0.242922 0.376602 -0.095464 -0.069704 -0.055866 -0.085909 -0.112986 -0.131698 -0.087273 -0.107486 -0.131058 -0.134304 -0.117253 -0.096153 -0.114527 -0.129356 -0.107820 -0.075733 -0.135741 
168.200468 -0.139250 -0.134485 -0.148595 -0.141399 -0.149358 -0.132039 -0.110956 -0.128169 -0.128899 -0.126305 -0.133097 -0.121714 -0.114010 -0.147281 -0.144167 -0.134553 -0.133514 0.320354 0.263253 0.289741 0.309753 0.375060 0.358976 0.254668 0.284581 0.368759 0.369675 0.340838 0.274333 0.312308 0.394199 0.337008 0.254016 0.395873 -0.093699 -0.070904 -0.057090 -0.083729 -0.105767 -0.117451 -0.084296 -0.108653 -0.132963 -0.134185 -0.111554 -0.088318 -0.117281 -0.134883 -0.110089 -0.086872 -0.140675 
169.168330 -0.134870 -0.129536 -0.151011 -0.147397 -0.157380 -0.145352 -0.103606 -0.123122 -0.131689 -0.131103 -0.138226 -0.134607 -0.107886 -0.145389 -0.142027 -0.136052 -0.129688 0.309550 0.251596 0.294726 0.331178 0.410845 0.408245 0.242688 0.276268 0.375144 0.387446 0.365451 0.309667 0.297311 0.383187 0.326772 0.250442 0.380523 -0.092025 -0.068368 -0.057637 -0.089293 -0.114473 -0.124781 -0.084947 -0.106044 -0.133966 -0.138796 -0.119018 -0.093351 -0.115397 -0.130896 -0.107379 -0.080820 -0.136956 
166.439065 -0.130708 -0.126471 -0.145420 -0.140969 -0.150258 -0.140560 -0.098052 -0.120213 -0.126290 -0.125306 -0.132522 -0.129624 -0.105169 -0.142930 -0.139353 -0.132920 -0.127821 0.297896 0.242134 0.276839 0.309141 0.382247 0.388162 0.227361 0.267657 0.357291 0.366284 0.344530 0.290861 0.288957 0.376195 0.321061 0.240606 0.373489 -0.090270 -0.065976 -0.053505 -0.084019 -0.108589 -0.122223 -0.081887 -0.103443 -0.129916 -0.133836 -0.114014 -0.089912 -0.113509 -0.129717 -0.106486 -0.078541 -0.135521 
168.569360 -0.139668 -0.133148 -0.147162 -0.146876 -0.156872 -0.144009 -0.108992 -0.126898 -0.126499 -0.131284 -0.138044 -0.133227 -0.107934 -0.143071 -0.141023 -0.133996 -0.127400 0.322316 0.258325 0.285615 0.328487 0.407922 0.403928 0.255300 0.280578 0.360688 0.385561 0.363384 0.308376 0.293190 0.376222 0.322804 0.247899 0.371757 -0.094186 -0.069551 -0.056156 -0.088571 -0.113573 -0.124063 -0.086803 -0.107577 -0.131469 -0.137275 -0.117871 -0.093775 -0.112900 -0.130061 -0.105937 -0.081197 -0.135476 
164.803326 -0.134270 -0.128416 -0.146675 -0.131696 -0.141801 -0.152255 -0.098805 -0.121498 -0.128650 -0.114267 -0.123743 -0.143624 -0.100873 -0.138947 -0.132854 -0.134304 -0.122535 0.309375 0.249755 0.276594 0.278733 0.351951 0.428069 0.234991 0.274084 0.361243 0.330211 0.318629 0.324565 0.274990 0.357812 0.306866 0.237742 0.352876 -0.093560 -0.069187 -0.052042 -0.075454 -0.103533 -0.126078 -0.086534 -0.107816 -0.129732 -0.125849 -0.108264 -0.091695 -0.109914 -0.122011 -0.102961 -0.071208 -0.129548 
161.277210 -0.132061 -0.125659 -0.141650 -0.109517 -0.118032 -0.146773 -0.097765 -0.119493 -0.127276 -0.092233 -0.104309 -0.143041 -0.104716 -0.142119 -0.132432 -0.139560 -0.128565 0.299185 0.244473 0.255594 0.213807 0.269419 0.393842 0.231443 0.273124 0.350748 0.259885 0.253323 0.311326 0.294265 0.374690 0.326183 0.258215 0.377167 -0.090619 -0.068944 -0.045051 -0.057822 -0.084682 -0.116396 -0.084821 -0.108481 -0.125125 -0.107373 -0.090014 -0.083508 -0.117248 -0.127232 -0.113132 -0.077599 -0.136109 
163.830496 -0.135364 -0.128857 -0.147638 -0.124558 -0.132988 -0.150840 -0.100228 -0.122252 -0.130479 -0.106205 -0.118162 -0.144459 -0.102112 -0.140027 -0.133194 -0.136480 -0.124099 0.310119 0.251627 0.277611 0.258537 0.319130 0.413273 0.237737 0.276314 0.364181 0.301405 0.297159 0.322064 0.280837 0.362456 0.320512 0.246981 0.359493 -0.093337 -0.070307 -0.051765 -0.070309 -0.095560 -0.121151 -0.086633 -0.110037 -0.129479 -0.116735 -0.099978 -0.088544 -0.112440 -0.123282 -0.108100 -0.073892 -0.131749 
164.583392 -0.139833 -0.132854 -0.145440 -0.119409 -0.128324 -0.148198 -0.106756 -0.126470 -0.128908 -0.102338 -0.113665 -0.142876 -0.109731 -0.144930 -0.137208 -0.140916 -0.131302 0.323212 0.262300 0.270839 0.241691 0.302899 0.406328 0.252935 0.285989 0.360766 0.290916 0.281758 0.318060 0.305094 0.384319 0.334526 0.262126 0.387437 -0.095808 -0.072892 -0.049592 -0.065308 -0.092296 -0.120661 -0.088952 -0.112692 -0.129339 -0.115465 -0.097257 -0.088053 -0.118500 -0.130586 -0.113916 -0.081210 -0.138826 
168.612436 -0.138123 -0.132040 -0.148887 -0.141117 -0.150514 -0.146539 -0.106260 -0.126032 -0.129688 -0.124653 -0.133652 -0.137403 -0.111272 -0.146898 -0.143453 -0.139434 -0.132883 0.319045 0.257620 0.288207 0.310258 0.383294 0.409049 0.249993 0.281662 0.367753 0.362709 0.348605 0.314203 0.308118 0.390802 0.341404 0.260406 0.393249 -0.094516 -0.070327 -0.056146 -0.083980 -0.108764 -0.124072 -0.087147 -0.109158 -0.131945 -0.131513 -0.113091 -0.092778 -0.118259 -0.132908 -0.111948 -0.083679 -0.139835 
161.036045 -0.130993 -0.124864 -0.139243 -0.113855 -0.122971 -0.147320 -0.095788 -0.118650 -0.123682 -0.097162 -0.108033 -0.142100 -0.101875 -0.139414 -0.131006 -0.136385 -0.125222 0.297296 0.240767 0.250776 0.225128 0.285846 0.399708 0.227006 0.268980 0.341241 0.274349 0.266196 0.311073 0.283095 0.364484 0.314945 0.247397 0.363923 -0.090546 -0.067554 -0.044781 -0.060971 -0.088754 -0.118736 -0.084326 -0.106584 -0.123562 -0.111294 -0.094243 -0.085149 -0.113558 -0.124617 -0.108506 -0.074274 -0.132729 
165.329481 -0.138169 -0.130983 -0.142679 -0.128711 -0.136989 -0.146905 -0.106197 -0.125199 -0.124298 -0.112051 -0.123009 -0.140859 -0.110448 -0.144365 -0.140068 -0.140576 -0.131753 0.317118 0.255110 0.266118 0.271043 0.332713 0.401557 0.251282 0.281520 0.347311 0.315834 0.311943 0.318460 0.306709 0.384498 0.344742 0.267033 0.389238 -0.093617 -0.070126 -0.049965 -0.073872 -0.097980 -0.119926 -0.087650 -0.109017 -0.126286 -0.118250 -0.102408 -0.089751 -0.117772 -0.130503 -0.113769 -0.083202 -0.138399 
161.575760 -0.132042 -0.125748 -0.142536 -0.114557 -0.122907 -0.144722 -0.098503 -0.119458 -0.127187 -0.097141 -0.108860 -0.140127 -0.103517 -0.140783 -0.132339 -0.137163 -0.126510 0.298841 0.244000 0.259310 0.227975 0.284394 0.388156 0.232002 0.272062 0.351697 0.273797 0.266676 0.306282 0.288448 0.368689 0.322481 0.253007 0.369094 -0.090191 -0.068413 -0.046395 -0.061828 -0.087737 -0.116038 -0.084164 -0.107602 -0.125937 -0.110490 -0.092948 -0.083893 -0.114935 -0.125497 -0.110522 -0.076567 -0.134059 
167.003683 -0.135265 -0.129877 -0.149039 -0.139345 -0.149648 -0.153231 -0.100389 -0.122742 -0.130300 -0.122147 -0.130863 -0.143328 -0.103102 -0.141272 -0.136276 -0.135436 -0.124824 0.313407 0.253891 0.285745 0.304007 0.382460 0.435894 0.238552 0.277086 0.368422 0.356476 0.342941 0.327391 0.281409 0.366665 0.313217 0.240108 0.361415 -0.094379 -0.069765 -0.054625 -0.082244 -0.109873 -0.128783 -0.087118 -0.107594 -0.131777 -0.131973 -0.114267 -0.094276 -0.111374 -0.124853 -0.104092 -0.073238 -0.131737 
166.054807 -0.135972 -0.129962 -0.146729 -0.127769 -0.137244 -0.154623 -0.101014 -0.123358 -0.129975 -0.110603 -0.121175 -0.147984 -0.107654 -0.145584 -0.138782 -0.142001 -0.131302 0.314489 0.255644 0.276595 0.267045 0.335955 0.433745 0.241411 0.280649 0.363696 0.316254 0.309381 0.334320 0.301452 0.387121 0.335782 0.259872 0.387174 -0.094666 -0.071122 -0.051969 -0.072414 -0.100168 -0.126005 -0.088311 -0.109583 -0.128739 -0.121197 -0.104783 -0.091873 -0.118563 -0.131063 -0.113359 -0.079203 -0.138545 
163.489891 -0.133404 -0.126818 -0.142607 -0.120446 -0.129493 -0.152012 -0.098432 -0.120667 -0.126489 -0.103256 -0.114526 -0.146739 -0.104895 -0.142861 -0.135444 -0.140390 -0.128803 0.304600 0.246429 0.262037 0.244985 0.308061 0.418196 0.234750 0.274054 0.350388 0.291253 0.286853 0.327588 0.294223 0.377783 0.330809 0.258672 0.377862 -0.092033 -0.068953 -0.047962 -0.066573 -0.093770 -0.121602 -0.086412 -0.107902 -0.125437 -0.114330 -0.098506 -0.088447 -0.117122 -0.128719 -0.112961 -0.078074 -0.136605 
165.032088 -0.140255 -0.133463 -0.144326 -0.133491 -0.142650 -0.146784 -0.107459 -0.126675 -0.124620 -0.116744 -0.126229 -0.138233 -0.104338 -0.138567 -0.134629 -0.133149 -0.123020 0.324725 0.260800 0.273269 0.284653 0.353377 0.407144 0.253461 0.282217 0.351323 0.334326 0.323175 0.313897 0.280435 0.359061 0.313710 0.241824 0.354798 -0.095619 -0.071194 -0.052179 -0.077191 -0.102705 -0.122877 -0.088126 -0.109663 -0.128237 -0.124524 -0.106969 -0.091290 -0.109085 -0.122952 -0.103354 -0.074890 -0.130026 
161.040445 -0.138864 -0.131128 -0.142329 -0.107967 -0.115360 -0.149364 -0.105417 -0.124592 -0.126979 -0.090019 -0.103171 -0.146529 -0.104965 -0.139318 -0.130101 -0.139042 -0.125423 0.316955 0.259257 0.258696 0.210923 0.260869 0.398727 0.251140 0.284757 0.350074 0.249451 0.247769 0.322496 0.289785 0.363700 0.322732 0.259398 0.364792 -0.093634 -0.072665 -0.045830 -0.057305 -0.082268 -0.115525 -0.088559 -0.112352 -0.124607 -0.102584 -0.086619 -0.084509 -0.113940 -0.122741 -0.111002 -0.076032 -0.132303 
163.397105 -0.134387 -0.127748 -0.142946 -0.121679 -0.130679 -0.150590 -0.099507 -0.121490 -0.126295 -0.104494 -0.115522 -0.144819 -0.103596 -0.141635 -0.134552 -0.138278 -0.126766 0.307202 0.248102 0.264078 0.248517 0.311632 0.413810 0.236369 0.274268 0.350724 0.295256 0.289412 0.322941 0.288493 0.372655 0.325588 0.253002 0.370059 -0.092532 -0.069226 -0.048789 -0.067474 -0.094382 -0.121292 -0.086352 -0.108306 -0.125920 -0.115413 -0.099067 -0.088286 -0.115312 -0.127793 -0.111343 -0.077114 -0.135246 
165.324633 -0.134788 -0.128761 -0.141866 -0.130792 -0.140595 -0.146204 -0.101866 -0.122797 -0.123828 -0.115261 -0.123569 -0.138236 -0.108281 -0.143685 -0.138688 -0.138003 -0.130409 0.309579 0.248992 0.264349 0.274794 0.346522 0.406417 0.240592 0.275581 0.347368 0.331239 0.316034 0.311976 0.299795 0.380976 0.327221 0.254911 0.383442 -0.092817 -0.068421 -0.049845 -0.074452 -0.101960 -0.122978 -0.086055 -0.106789 -0.126587 -0.125373 -0.107371 -0.090501 -0.116164 -0.129870 -0.109133 -0.080112 -0.136930 
166.793225 -0.133400 -0.128104 -0.150440 -0.136302 -0.146372 -0.150172 -0.099026 -0.121421 -0.132731 -0.119137 -0.127583 -0.141014 -0.104089 -0.143319 -0.137083 -0.136464 -0.127036 0.306932 0.249470 0.288967 0.293361 0.368562 0.422914 0.234196 0.274176 0.375105 0.348473 0.331094 0.319170 0.287386 0.373786 0.316709 0.244588 0.370231 -0.092914 -0.069025 -0.055297 -0.079161 -0.106923 -0.126008 -0.085611 -0.107749 -0.132985 -0.131319 -0.112080 -0.091932 -0.114201 -0.127367 -0.106551 -0.075636 -0.134446 
170.247463 -0.138111 -0.132349 -0.149569 -0.149896 -0.160018 -0.150375 -0.104962 -0.126090 -0.129063 -0.133625 -0.141830 -0.139117 -0.109370 -0.145995 -0.144159 -0.137999 -0.130973 0.320781 0.257386 0.292686 0.341541 0.423668 0.428037 0.247545 0.280121 0.367849 0.393846 0.379302 0.322297 0.300474 0.386436 0.336304 0.252349 0.385400 -0.095323 -0.069704 -0.057698 -0.092334 -0.117085 -0.128876 -0.087495 -0.107866 -0.132836 -0.138350 -0.120695 -0.096492 -0.116065 -0.132333 -0.109730 -0.081531 -0.138360 
163.782835 -0.142726 -0.134799 -0.140375 -0.116805 -0.125841 -0.150970 -0.108829 -0.128661 -0.122950 -0.100391 -0.111682 -0.145858 -0.110217 -0.142840 -0.135937 -0.141074 -0.130343 0.331901 0.265749 0.257466 0.234103 0.295724 0.415988 0.260023 0.288739 0.342979 0.282145 0.275999 0.326763 0.303609 0.378490 0.331891 0.262547 0.383434 -0.097784 -0.073658 -0.046797 -0.063435 -0.091023 -0.122060 -0.091218 -0.113571 -0.125494 -0.112238 -0.095654 -0.089545 -0.116696 -0.128596 -0.112448 -0.080142 -0.137031 
168.635325 -0.136981 -0.131213 -0.147567 -0.144801 -0.155233 -0.152409 -0.102781 -0.124773 -0.127744 -0.128535 -0.136370 -0.141695 -0.107147 -0.143636 -0.140516 -0.137295 -0.128643 0.318240 0.255179 0.284931 0.322494 0.404751 0.435704 0.244066 0.278674 0.362513 0.376721 0.361415 0.327134 0.293158 0.377252 0.324393 0.247885 0.376026 -0.095253 -0.069564 -0.055522 -0.087243 -0.114122 -0.129649 -0.087830 -0.107690 -0.130989 -0.135698 -0.118223 -0.096183 -0.113899 -0.128524 -0.106435 -0.077653 -0.135148 
163.778499 -0.133194 -0.127377 -0.144017 -0.121810 -0.131013 -0.146750 -0.099064 -0.121068 -0.127770 -0.105094 -0.115305 -0.140432 -0.105481 -0.143449 -0.135841 -0.138177 -0.129017 0.304474 0.247464 0.266498 0.248181 0.312337 0.402315 0.233616 0.273841 0.356378 0.300295 0.288593 0.310443 0.294407 0.378833 0.325773 0.252542 0.378565 -0.092118 -0.068972 -0.049031 -0.067162 -0.094558 -0.120675 -0.085156 -0.107985 -0.127863 -0.118408 -0.100085 -0.087220 -0.116790 -0.129579 -0.111489 -0.078414 -0.137045 
177.839785 -0.207512 -0.196597 -0.153082 -0.144350 -0.153253 -0.154833 -0.185905 -0.185161 -0.122068 -0.130438 -0.138211 -0.144302 -0.132824 -0.141646 -0.143061 -0.135215 -0.126938 0.581867 0.468901 0.318432 0.316823 0.394184 0.467593 0.497764 0.388312 0.369558 0.376718 0.350306 0.359637 0.321547 0.374036 0.318107 0.249032 0.367411 -0.142156 -0.120640 -0.062714 -0.082664 -0.110909 -0.141673 -0.129307 -0.148759 -0.142640 -0.133355 -0.111995 -0.111750 -0.102207 -0.128874 -0.098996 -0.086463 -0.132945 
164.397785 -0.100294 -0.099335 -0.148267 -0.143202 -0.154249 -0.150834 -0.063186 -0.093349 -0.134260 -0.125213 -0.133296 -0.140102 -0.089353 -0.140799 -0.134316 -0.133481 -0.123586 0.216637 0.181872 0.276107 0.318551 0.402070 0.419280 0.156251 0.213529 0.368922 0.369282 0.358471 0.310794 0.262457 0.364446 0.309564 0.232704 0.357535 -0.072466 -0.052177 -0.052856 -0.086865 -0.113956 -0.123956 -0.069405 -0.085851 -0.126932 -0.135571 -0.119538 -0.087537 -0.114081 -0.124313 -0.104557 -0.067664 -0.130707 
165.193799 -0.100759 -0.099856 -0.145332 -0.144670 -0.155783 -0.149867 -0.063745 -0.094787 -0.130768 -0.127830 -0.134895 -0.138944 -0.093456 -0.143199 -0.137754 -0.135874 -0.127919 0.218416 0.181947 0.270804 0.323121 0.408443 0.417590 0.157888 0.215482 0.359200 0.377113 0.363655 0.309433 0.275226 0.375950 0.319490 0.241100 0.374039 -0.073151 -0.052026 -0.052722 -0.088206 -0.115264 -0.124299 -0.069950 -0.086310 -0.124784 -0.136963 -0.121000 -0.088445 -0.117463 -0.127885 -0.107041 -0.071730 -0.134289 
165.431655 -0.116734 -0.112709 -0.142434 -0.143539 -0.154270 -0.147346 -0.080474 -0.108300 -0.124441 -0.127300 -0.134676 -0.136562 -0.098667 -0.141166 -0.137877 -0.134256 -0.126417 0.259651 0.207164 0.266281 0.318304 0.400207 0.410678 0.192145 0.241194 0.346233 0.372667 0.358272 0.308144 0.278481 0.367642 0.318536 0.241923 0.368088 -0.082519 -0.057597 -0.051756 -0.086809 -0.112962 -0.123705 -0.076800 -0.095902 -0.125654 -0.134811 -0.118050 -0.090414 -0.114145 -0.126413 -0.105677 -0.074714 -0.133412 
166.465631 -0.114739 -0.111147 -0.144312 -0.146931 -0.158257 -0.153263 -0.075879 -0.106966 -0.126228 -0.130208 -0.137595 -0.141393 -0.097268 -0.141390 -0.137988 -0.135239 -0.126263 0.256556 0.203722 0.271973 0.330788 0.418735 0.435042 0.184794 0.238420 0.351591 0.384042 0.371308 0.320567 0.275538 0.366291 0.316581 0.238738 0.367188 -0.082986 -0.057011 -0.053259 -0.090164 -0.117350 -0.128331 -0.077100 -0.095838 -0.126915 -0.138068 -0.122068 -0.092960 -0.114213 -0.125589 -0.105204 -0.072236 -0.132966 
165.422959 -0.118172 -0.115216 -0.149937 -0.140702 -0.150587 -0.145434 -0.084028 -0.108665 -0.133743 -0.123288 -0.131223 -0.135425 -0.097233 -0.141818 -0.135832 -0.133061 -0.124628 0.262907 0.218226 0.285319 0.308839 0.384589 0.402006 0.197775 0.247466 0.374090 0.362219 0.344998 0.302219 0.274350 0.368973 0.312704 0.237051 0.361453 -0.082585 -0.060978 -0.054914 -0.083799 -0.109660 -0.122112 -0.076798 -0.096971 -0.130470 -0.133813 -0.115114 -0.088243 -0.113121 -0.126006 -0.104887 -0.072750 -0.132246 
169.984528 -0.155688 -0.148654 -0.148895 -0.142225 -0.152093 -0.152775 -0.125562 -0.140195 -0.127238 -0.126471 -0.134274 -0.142927 -0.113170 -0.142792 -0.139882 -0.136721 -0.127187 0.378480 0.306614 0.291927 0.312158 0.391336 0.441767 0.302800 0.315354 0.366541 0.367761 0.350016 0.336239 0.299086 0.376808 0.320216 0.248433 0.369949 -0.106494 -0.081717 -0.056534 -0.083711 -0.111277 -0.131860 -0.097961 -0.117570 -0.133069 -0.133090 -0.114787 -0.099383 -0.110360 -0.128158 -0.104111 -0.079159 -0.133675 
168.258103 -0.143975 -0.135587 -0.145645 -0.144382 -0.154984 -0.149993 -0.107909 -0.130352 -0.122942 -0.128126 -0.136078 -0.137717 -0.107051 -0.139910 -0.138413 -0.133649 -0.125340 0.336663 0.257732 0.281519 0.321273 0.402261 0.427225 0.254991 0.276026 0.351667 0.376076 0.357873 0.318295 0.284376 0.358656 0.314122 0.240217 0.363098 -0.099830 -0.069827 -0.055244 -0.087005 -0.113222 -0.128676 -0.089936 -0.113007 -0.132844 -0.136183 -0.117190 -0.096572 -0.109710 -0.124225 -0.102801 -0.076537 -0.132194 
165.617316 -0.117143 -0.114373 -0.147946 -0.141285 -0.151095 -0.143859 -0.084034 -0.108092 -0.131921 -0.124552 -0.132032 -0.134104 -0.099883 -0.143319 -0.137971 -0.134767 -0.127637 0.259696 0.216114 0.280631 0.310470 0.386327 0.396295 0.197766 0.246188 0.368015 0.365206 0.347550 0.300069 0.283436 0.376945 0.320567 0.244572 0.372839 -0.081520 -0.060273 -0.054386 -0.084311 -0.109823 -0.121118 -0.076369 -0.095653 -0.128308 -0.133734 -0.115419 -0.088136 -0.115296 -0.127848 -0.106282 -0.075445 -0.134156 
166.113458 -0.109414 -0.107515 -0.147819 -0.145830 -0.156751 -0.150628 -0.073576 -0.101290 -0.132408 -0.128798 -0.136297 -0.139849 -0.094376 -0.143246 -0.137912 -0.135003 -0.126231 0.240021 0.199792 0.278739 0.327189 0.411909 0.422109 0.177283 0.230268 0.367074 0.379702 0.366635 0.314338 0.273832 0.376638 0.318738 0.239012 0.367884 -0.077662 -0.056183 -0.053942 -0.088996 -0.115722 -0.125468 -0.073649 -0.090332 -0.127496 -0.137180 -0.120865 -0.090096 -0.115768 -0.129269 -0.107596 -0.072694 -0.134421 
165.133559 -0.094456 -0.094149 -0.148535 -0.141194 -0.151681 -0.145394 -0.059020 -0.088992 -0.136268 -0.123805 -0.131914 -0.135989 -0.093913 -0.147501 -0.140465 -0.138395 -0.132470 0.201400 0.170940 0.275737 0.311678 0.390402 0.396278 0.146124 0.203996 0.372811 0.364687 0.352136 0.297799 0.285223 0.393364 0.334681 0.251084 0.392816 -0.068451 -0.049700 -0.053035 -0.085114 -0.111105 -0.119348 -0.065907 -0.082931 -0.126647 -0.134387 -0.117540 -0.084343 -0.123274 -0.133818 -0.113789 -0.076286 -0.139984 
166.223489 -0.126077 -0.120408 -0.144842 -0.142053 -0.152546 -0.148223 -0.088891 -0.116231 -0.125246 -0.125301 -0.133610 -0.137126 -0.101350 -0.141074 -0.137924 -0.134199 -0.126092 0.285548 0.223037 0.274204 0.313671 0.392721 0.414738 0.210700 0.254270 0.352075 0.366845 0.352276 0.309952 0.280232 0.364070 0.318394 0.240835 0.366757 -0.088975 -0.061593 -0.053264 -0.085414 -0.111354 -0.124850 -0.081138 -0.103288 -0.129680 -0.134021 -0.116088 -0.091708 -0.113197 -0.125893 -0.105983 -0.075439 -0.133698 
165.837708 -0.107532 -0.105231 -0.147932 -0.141494 -0.152354 -0.151688 -0.069332 -0.100933 -0.132634 -0.123997 -0.132217 -0.141645 -0.096544 -0.144687 -0.138653 -0.137909 -0.129391 0.236979 0.193502 0.278221 0.312132 0.393875 0.424044 0.170413 0.229451 0.366965 0.364932 0.352861 0.315716 0.281756 0.378650 0.324913 0.245867 0.379859 -0.078299 -0.055391 -0.053975 -0.085067 -0.112393 -0.124855 -0.073575 -0.093161 -0.128182 -0.134633 -0.117943 -0.089102 -0.118883 -0.128833 -0.109725 -0.073771 -0.136435 
168.634328 -0.129169 -0.124927 -0.149200 -0.147032 -0.157408 -0.149814 -0.095889 -0.118325 -0.130853 -0.130682 -0.138139 -0.139058 -0.105197 -0.145267 -0.141557 -0.137207 -0.129678 0.294911 0.241073 0.287959 0.330599 0.413295 0.424432 0.226508 0.267660 0.369921 0.385133 0.368262 0.318845 0.293523 0.384451 0.327546 0.248649 0.380488 -0.089666 -0.065966 -0.056059 -0.089454 -0.115593 -0.127553 -0.083342 -0.102332 -0.131161 -0.137829 -0.120041 -0.094107 -0.115942 -0.130928 -0.108054 -0.078418 -0.136710 
164.676686 -0.099153 -0.098501 -0.145955 -0.147758 -0.159004 -0.149722 -0.061531 -0.093319 -0.130721 -0.130493 -0.137225 -0.137669 -0.088420 -0.139466 -0.134421 -0.131484 -0.122274 0.214388 0.178371 0.273344 0.334151 0.421683 0.417540 0.152932 0.211074 0.359505 0.386704 0.372351 0.306907 0.258395 0.359953 0.305374 0.228434 0.352538 -0.072176 -0.050939 -0.053660 -0.091130 -0.117746 -0.124478 -0.068632 -0.084938 -0.125198 -0.139222 -0.123153 -0.088463 -0.112602 -0.123615 -0.102568 -0.067373 -0.129583 
164.253195 -0.101627 -0.100692 -0.146086 -0.143001 -0.154272 -0.153072 -0.063865 -0.094617 -0.131844 -0.125535 -0.133014 -0.142275 -0.088942 -0.140137 -0.133810 -0.133455 -0.122842 0.220385 0.184736 0.271896 0.317335 0.402864 0.429049 0.158651 0.215754 0.361564 0.369212 0.358269 0.317275 0.260730 0.363785 0.307232 0.231396 0.354737 -0.073546 -0.052826 -0.052547 -0.086537 -0.114454 -0.125739 -0.070556 -0.086173 -0.124645 -0.135229 -0.119959 -0.088808 -0.113401 -0.124471 -0.104091 -0.067054 -0.130225 
165.527497 -0.118060 -0.115286 -0.147943 -0.141625 -0.152319 -0.151556 -0.083133 -0.108052 -0.131995 -0.124478 -0.132192 -0.141512 -0.096027 -0.141038 -0.135124 -0.134141 -0.123753 0.263527 0.219246 0.279216 0.311873 0.393628 0.426673 0.198477 0.247261 0.367681 0.364856 0.351238 0.319718 0.271523 0.367987 0.309906 0.236392 0.357878 -0.082824 -0.061023 -0.053351 -0.084621 -0.112253 -0.126311 -0.078252 -0.095440 -0.128026 -0.134020 -0.117342 -0.091050 -0.112293 -0.125416 -0.103958 -0.070648 -0.131017 
163.919383 -0.089513 -0.090108 -0.146380 -0.145164 -0.156036 -0.145348 -0.052517 -0.085534 -0.132960 -0.127758 -0.134761 -0.134038 -0.087222 -0.141800 -0.135765 -0.132566 -0.125270 0.190383 0.160895 0.271658 0.325296 0.408516 0.397358 0.133760 0.194291 0.362752 0.378299 0.363646 0.293468 0.262671 0.369239 0.313646 0.233349 0.364493 -0.066197 -0.046897 -0.053250 -0.088955 -0.114825 -0.120098 -0.063368 -0.079930 -0.124717 -0.137655 -0.121053 -0.084447 -0.116663 -0.126812 -0.106351 -0.069458 -0.132888 
168.489399 -0.132341 -0.126992 -0.149168 -0.148315 -0.159085 -0.152535 -0.096882 -0.120835 -0.129160 -0.131419 -0.139109 -0.140653 -0.103077 -0.141597 -0.138611 -0.134736 -0.125539 0.304616 0.243385 0.288785 0.335442 0.420793 0.436321 0.229788 0.269030 0.366479 0.388513 0.372348 0.324120 0.281412 0.366328 0.315004 0.239357 0.363980 -0.092614 -0.066571 -0.056348 -0.090763 -0.117297 -0.129830 -0.085140 -0.105298 -0.132510 -0.139082 -0.121298 -0.095911 -0.111483 -0.125176 -0.103336 -0.074100 -0.132154 
168.581729 -0.140338 -0.134451 -0.147940 -0.142917 -0.152894 -0.148626 -0.108905 -0.127332 -0.128217 -0.126850 -0.134944 -0.138842 -0.109020 -0.144573 -0.141278 -0.137002 -0.129208 0.327229 0.265337 0.284879 0.315635 0.393858 0.420536 0.257320 0.286650 0.364692 0.370093 0.353961 0.320218 0.298213 0.382946 0.328422 0.251101 0.378627 -0.095936 -0.071722 -0.054740 -0.085270 -0.111418 -0.126987 -0.088713 -0.108539 -0.131750 -0.133776 -0.115577 -0.094725 -0.114575 -0.131165 -0.108270 -0.080619 -0.136782 
166.499824 -0.136897 -0.131196 -0.150962 -0.144311 -0.154345 -0.148925 -0.102421 -0.123684 -0.130475 -0.126514 -0.134595 -0.137292 -0.097179 -0.135526 -0.131575 -0.127654 -0.116279 0.316341 0.254980 0.293906 0.320880 0.399157 0.420508 0.240485 0.274798 0.371306 0.372127 0.354075 0.313965 0.258088 0.342632 0.292192 0.221716 0.329912 -0.094385 -0.069491 -0.057161 -0.086594 -0.112448 -0.126708 -0.085931 -0.107796 -0.133912 -0.135664 -0.116453 -0.093440 -0.103750 -0.118542 -0.096764 -0.068299 -0.124618 
161.464192 -0.138369 -0.132125 -0.147086 -0.144236 -0.154742 -0.149792 -0.101067 -0.122176 -0.123203 -0.124306 -0.131876 -0.134884 -0.075679 -0.112198 -0.108914 -0.106614 -0.088021 0.320455 0.255274 0.281695 0.319937 0.400703 0.424242 0.237696 0.268682 0.351091 0.365861 0.348448 0.310267 0.186171 0.258936 0.218104 0.167104 0.233204 -0.095028 -0.068913 -0.053966 -0.086366 -0.112745 -0.127466 -0.085474 -0.105658 -0.130827 -0.134427 -0.116000 -0.093238 -0.078645 -0.091100 -0.070782 -0.045633 -0.096478 
169.478493 -0.135120 -0.129485 -0.143649 -0.139134 -0.149153 -0.148085 -0.102934 -0.124584 -0.125251 -0.124373 -0.132203 -0.139237 -0.119455 -0.152230 -0.148940 -0.146643 -0.143094 0.312482 0.250849 0.272219 0.302738 0.380068 0.417354 0.244954 0.280645 0.353604 0.361657 0.345740 0.319209 0.339140 0.415842 0.361549 0.281156 0.435030 -0.093950 -0.068699 -0.052445 -0.082234 -0.109047 -0.126387 -0.087538 -0.107496 -0.128257 -0.131958 -0.114298 -0.094369 -0.125694 -0.138128 -0.116685 -0.089475 -0.146264 
170.504452 -0.142823 -0.136297 -0.147213 -0.143873 -0.154125 -0.152683 -0.109677 -0.130073 -0.127124 -0.128411 -0.136530 -0.142763 -0.113978 -0.149162 -0.146438 -0.142175 -0.135580 0.335867 0.268247 0.285017 0.319338 0.400320 0.437767 0.260509 0.288810 0.362203 0.374864 0.359997 0.330673 0.316131 0.401477 0.346442 0.262451 0.403582 -0.098864 -0.072740 -0.055475 -0.086355 -0.113206 -0.130420 -0.090933 -0.111075 -0.131676 -0.134726 -0.117174 -0.097326 -0.120498 -0.137977 -0.115081 -0.086159 -0.143631 
166.453714 -0.140834 -0.134643 -0.148991 -0.144223 -0.154213 -0.148624 -0.106885 -0.126772 -0.127576 -0.126842 -0.134982 -0.136845 -0.097550 -0.134466 -0.131306 -0.126464 -0.115041 0.327986 0.263298 0.288762 0.320503 0.398648 0.420230 0.250842 0.280188 0.363786 0.371493 0.354322 0.313974 0.256407 0.340472 0.290977 0.219423 0.325679 -0.096560 -0.071197 -0.055884 -0.086552 -0.112200 -0.127184 -0.087686 -0.108948 -0.133022 -0.134769 -0.115927 -0.094149 -0.102304 -0.118816 -0.096430 -0.068642 -0.124100 
163.249032 -0.137011 -0.131258 -0.147601 -0.142389 -0.152891 -0.152279 -0.100506 -0.122504 -0.125571 -0.123335 -0.131325 -0.138991 -0.087662 -0.122091 -0.118432 -0.118224 -0.102433 0.318249 0.255156 0.282861 0.313870 0.394565 0.433664 0.238764 0.273680 0.356587 0.362396 0.346848 0.319976 0.220402 0.290418 0.248218 0.194160 0.277494 -0.095281 -0.069495 -0.054256 -0.084832 -0.112018 -0.128971 -0.086851 -0.106994 -0.130624 -0.133563 -0.115713 -0.094491 -0.088658 -0.098487 -0.079135 -0.052814 -0.106805 
162.769450 -0.135408 -0.130278 -0.149548 -0.147501 -0.157590 -0.147024 -0.099922 -0.120791 -0.126792 -0.127989 -0.134853 -0.132279 -0.080657 -0.117240 -0.113948 -0.110641 -0.094293 0.311659 0.252154 0.290635 0.331354 0.411688 0.414152 0.233832 0.268303 0.361514 0.379265 0.358038 0.303957 0.200483 0.274960 0.231538 0.177861 0.252272 -0.092830 -0.068116 -0.056760 -0.089305 -0.114601 -0.126130 -0.083747 -0.104350 -0.131754 -0.137441 -0.118198 -0.092658 -0.082987 -0.095216 -0.074079 -0.049433 -0.101268 
163.942719 -0.138954 -0.132826 -0.149742 -0.145272 -0.155541 -0.151033 -0.102795 -0.123659 -0.127405 -0.126201 -0.134288 -0.137807 -0.083891 -0.122550 -0.118993 -0.115605 -0.099076 0.322307 0.258560 0.290724 0.324020 0.404149 0.428673 0.241844 0.273084 0.362659 0.370581 0.354790 0.317068 0.213577 0.295326 0.250139 0.189050 0.270351 -0.095411 -0.070039 -0.056436 -0.087365 -0.113393 -0.127928 -0.086423 -0.107094 -0.132385 -0.134853 -0.116586 -0.094021 -0.089086 -0.103979 -0.082736 -0.055137 -0.108730 
160.658559 -0.134107 -0.128631 -0.145892 -0.143749 -0.154107 -0.148151 -0.097000 -0.118922 -0.122935 -0.124059 -0.130800 -0.133368 -0.074575 -0.111673 -0.108034 -0.106144 -0.087804 0.307705 0.246823 0.278890 0.317607 0.397847 0.417287 0.227906 0.262837 0.348587 0.365186 0.345625 0.305562 0.184312 0.257197 0.215563 0.166370 0.231924 -0.092190 -0.066846 -0.054026 -0.085740 -0.112169 -0.126022 -0.083185 -0.102946 -0.128562 -0.134272 -0.115843 -0.091937 -0.078271 -0.089994 -0.069605 -0.044786 -0.095568 
167.758211 -0.138076 -0.132641 -0.149094 -0.145143 -0.155149 -0.149188 -0.105003 -0.125563 -0.128838 -0.128364 -0.135936 -0.137873 -0.105308 -0.139793 -0.136595 -0.133320 -0.124264 0.321136 0.259747 0.289892 0.323426 0.403133 0.423325 0.248360 0.281713 0.366880 0.377468 0.358977 0.317947 0.281623 0.360186 0.309119 0.238700 0.358104 -0.095452 -0.070580 -0.056672 -0.087337 -0.113383 -0.127902 -0.087679 -0.108309 -0.132007 -0.136173 -0.117590 -0.095172 -0.108321 -0.121278 -0.099374 -0.072858 -0.128852 
166.080667 -0.137176 -0.131545 -0.149517 -0.146750 -0.157232 -0.151517 -0.101321 -0.123547 -0.128041 -0.128858 -0.136400 -0.138501 -0.093163 -0.131293 -0.127941 -0.124061 -0.111110 0.318335 0.255137 0.290313 0.329377 0.412168 0.432569 0.238798 0.273457 0.364771 0.380122 0.362088 0.318497 0.243363 0.326880 0.277337 0.209758 0.311033 -0.095196 -0.069265 -0.056469 -0.088915 -0.115399 -0.129533 -0.086376 -0.106968 -0.132898 -0.137576 -0.119088 -0.095216 -0.098663 -0.113570 -0.091431 -0.063247 -0.119331 
163.570259 -0.136229 -0.130702 -0.150934 -0.143542 -0.154108 -0.154633 -0.098588 -0.121719 -0.129016 -0.123503 -0.131895 -0.140854 -0.085952 -0.121078 -0.116913 -0.117607 -0.100894 0.316680 0.254630 0.292544 0.318387 0.399838 0.442560 0.235208 0.272868 0.366951 0.365072 0.350163 0.324538 0.215449 0.284450 0.243320 0.190591 0.271639 -0.095468 -0.069761 -0.056438 -0.085944 -0.113248 -0.130256 -0.086898 -0.107777 -0.132770 -0.134800 -0.116756 -0.095015 -0.087304 -0.095728 -0.077257 -0.050229 -0.104720 
160.557915 -0.136004 -0.130218 -0.145654 -0.142362 -0.152438 -0.147173 -0.099929 -0.120591 -0.122448 -0.122569 -0.130055 -0.132893 -0.077632 -0.111797 -0.108621 -0.107499 -0.089728 0.313009 0.251178 0.277951 0.313131 0.390676 0.412478 0.235029 0.267666 0.347392 0.359531 0.342244 0.305046 0.189285 0.255773 0.217790 0.170671 0.235870 -0.093130 -0.067965 -0.053613 -0.084617 -0.110408 -0.124953 -0.084313 -0.104430 -0.128381 -0.132232 -0.114008 -0.091766 -0.078130 -0.087830 -0.068782 -0.045000 -0.095151 
160.634583 -0.140818 -0.134342 -0.144984 -0.142753 -0.152942 -0.149374 -0.103744 -0.123898 -0.120736 -0.123047 -0.130627 -0.134554 -0.073531 -0.109378 -0.106329 -0.103861 -0.084490 0.327525 0.261047 0.277115 0.314492 0.393167 0.422046 0.243982 0.271813 0.343634 0.359352 0.343353 0.309848 0.179033 0.251330 0.211467 0.161615 0.222571 -0.096225 -0.070192 -0.053400 -0.084920 -0.111018 -0.127026 -0.086455 -0.106065 -0.128447 -0.131839 -0.114075 -0.093094 -0.075832 -0.089039 -0.068655 -0.044078 -0.093523 
163.754275 -0.138360 -0.132563 -0.145482 -0.142994 -0.153425 -0.150423 -0.102511 -0.123870 -0.123547 -0.125262 -0.132226 -0.137345 -0.088283 -0.124899 -0.121444 -0.118648 -0.103901 0.321663 0.257589 0.278560 0.315150 0.396413 0.428105 0.241744 0.274048 0.351007 0.366671 0.347987 0.315478 0.225523 0.305354 0.256906 0.196521 0.285577 -0.095583 -0.069667 -0.053858 -0.085100 -0.112313 -0.128659 -0.086716 -0.106300 -0.129276 -0.134278 -0.116186 -0.094344 -0.091911 -0.106556 -0.084402 -0.057630 -0.111946 
167.427802 -0.137360 -0.131504 -0.146164 -0.143087 -0.154067 -0.155721 -0.101967 -0.124443 -0.126048 -0.126508 -0.134335 -0.144693 -0.103194 -0.139365 -0.135841 -0.134550 -0.123494 0.320539 0.256359 0.279132 0.316329 0.401234 0.449528 0.243759 0.278934 0.357201 0.370123 0.356243 0.334957 0.278042 0.359821 0.307422 0.236930 0.355729 -0.096075 -0.069876 -0.053500 -0.085598 -0.114015 -0.131953 -0.088812 -0.107531 -0.130150 -0.134831 -0.118065 -0.097221 -0.108879 -0.122544 -0.100895 -0.071663 -0.129471 
163.512249 -0.131583 -0.126488 -0.146528 -0.144757 -0.155061 -0.147803 -0.096204 -0.118483 -0.125301 -0.126573 -0.134080 -0.134849 -0.088088 -0.125867 -0.122675 -0.119456 -0.105645 0.300641 0.242081 0.279799 0.322130 0.402297 0.415487 0.225974 0.263734 0.354406 0.371752 0.354768 0.308010 0.227866 0.306983 0.262036 0.200223 0.290970 -0.090753 -0.065817 -0.054008 -0.087229 -0.113009 -0.125827 -0.082827 -0.102634 -0.129603 -0.135046 -0.116969 -0.092319 -0.093367 -0.106110 -0.085159 -0.058094 -0.112579 
159.268644 -0.136172 -0.130186 -0.145705 -0.144119 -0.154441 -0.147097 -0.098257 -0.119383 -0.121071 -0.123419 -0.130611 -0.131078 -0.065734 -0.103488 -0.100074 -0.097148 -0.076814 0.312730 0.249614 0.277565 0.319203 0.398438 0.412584 0.229664 0.261560 0.344463 0.363039 0.344811 0.300235 0.160070 0.232245 0.193543 0.146806 0.200023 -0.092839 -0.067177 -0.053208 -0.086208 -0.111868 -0.125202 -0.082973 -0.102780 -0.129063 -0.133585 -0.115073 -0.091154 -0.070412 -0.083274 -0.063137 -0.039043 -0.086852 
163.378939 -0.141202 -0.135018 -0.149131 -0.142134 -0.152809 -0.157082 -0.102847 -0.125271 -0.126653 -0.122507 -0.130715 -0.143344 -0.083081 -0.119313 -0.115003 -0.115311 -0.096861 0.331928 0.265510 0.288828 0.312962 0.395159 0.453496 0.245545 0.278130 0.360508 0.359495 0.345477 0.331552 0.207625 0.281921 0.237809 0.183761 0.260713 -0.098722 -0.072340 -0.055836 -0.084357 -0.112561 -0.132260 -0.089439 -0.109544 -0.131432 -0.133095 -0.115735 -0.096375 -0.085662 -0.097200 -0.077393 -0.049690 -0.103824 
163.393593 -0.136905 -0.131014 -0.148276 -0.144325 -0.154743 -0.150520 -0.101124 -0.122075 -0.126025 -0.125268 -0.133405 -0.137330 -0.085186 -0.121937 -0.118604 -0.116356 -0.100192 0.316557 0.254118 0.284640 0.320792 0.401189 0.426406 0.238409 0.271580 0.358097 0.367839 0.352695 0.315883 0.215817 0.292014 0.248895 0.190944 0.272403 -0.094170 -0.068879 -0.054520 -0.086658 -0.112902 -0.127543 -0.085746 -0.105819 -0.131454 -0.134321 -0.116323 -0.093705 -0.088669 -0.101218 -0.080838 -0.054085 -0.107565 
