203.995048 -0.232393 -0.192090 -0.154687 -0.188966 -0.184899 -0.191903 -0.224698 -0.203714 -0.120726 -0.176668 -0.162165 -0.174401 -0.205040 -0.171448 -0.175754 -0.170424 -0.160614 0.412215 0.259359 0.282176 0.408939 0.380889 0.474399 0.405373 0.242597 0.381608 0.678685 0.471413 0.361087 0.275154 0.423011 0.632068 0.434699 0.473842 -0.152602 -0.104503 -0.085161 -0.136831 -0.159181 -0.168743 -0.156790 -0.161576 -0.143824 -0.166610 -0.178065 -0.175518 -0.182327 -0.183461 -0.172912 -0.177213 -0.177316 
207.779736 -0.233559 -0.196640 -0.174778 -0.191898 -0.185749 -0.192210 -0.225985 -0.206376 -0.143656 -0.177283 -0.163064 -0.175466 -0.205088 -0.176663 -0.176316 -0.171500 -0.160914 0.416827 0.279942 0.334149 0.418351 0.382096 0.473242 0.410003 0.252434 0.459412 0.695094 0.475406 0.362603 0.274945 0.419826 0.633970 0.435291 0.474185 -0.152902 -0.112221 -0.096886 -0.138761 -0.159448 -0.167333 -0.157076 -0.168438 -0.156076 -0.171673 -0.178067 -0.173894 -0.184315 -0.182511 -0.174262 -0.175771 -0.177587 
203.373106 -0.232188 -0.191120 -0.151288 -0.188353 -0.184759 -0.191867 -0.224472 -0.203157 -0.116880 -0.176374 -0.162008 -0.174226 -0.205011 -0.170540 -0.175595 -0.170253 -0.160566 0.411271 0.255152 0.272990 0.406556 0.380716 0.474522 0.404550 0.240908 0.368590 0.674086 0.470673 0.360790 0.275130 0.422273 0.631265 0.434533 0.473722 -0.152519 -0.102868 -0.083664 -0.136625 -0.159132 -0.168917 -0.156738 -0.160495 -0.142345 -0.165719 -0.178033 -0.175740 -0.182044 -0.183497 -0.172657 -0.177409 -0.177270 
203.120807 -0.232107 -0.190802 -0.149853 -0.188157 -0.184701 -0.191846 -0.224383 -0.202963 -0.115292 -0.176340 -0.161947 -0.174152 -0.205004 -0.170171 -0.175560 -0.170178 -0.160543 0.410984 0.253784 0.269732 0.406006 0.380634 0.474579 0.404242 0.240247 0.363776 0.673046 0.470399 0.360692 0.275142 0.422586 0.631143 0.434515 0.473722 -0.152498 -0.102324 -0.082888 -0.136499 -0.159106 -0.169014 -0.156712 -0.159996 -0.141455 -0.165361 -0.178031 -0.175851 -0.181898 -0.183571 -0.172562 -0.177508 -0.177249 
204.142912 -0.232438 -0.192182 -0.155556 -0.189019 -0.184933 -0.191924 -0.224746 -0.203785 -0.121668 -0.176592 -0.162196 -0.174446 -0.205036 -0.171657 -0.175741 -0.170473 -0.160629 0.412341 0.259782 0.283610 0.408803 0.380958 0.474337 0.405578 0.242962 0.383979 0.678402 0.471520 0.361131 0.275150 0.422182 0.631862 0.434702 0.473826 -0.152601 -0.104675 -0.085812 -0.136957 -0.159198 -0.168660 -0.156808 -0.161921 -0.144648 -0.166807 -0.178053 -0.175430 -0.182442 -0.183353 -0.172956 -0.177133 -0.177328 
202.788992 -0.231989 -0.190073 -0.148104 -0.187694 -0.184628 -0.191844 -0.224254 -0.202568 -0.113283 -0.175966 -0.161854 -0.174062 -0.204974 -0.169677 -0.175400 -0.170099 -0.160524 0.410304 0.250615 0.263826 0.403703 0.380540 0.474585 0.403760 0.239283 0.355973 0.668446 0.469955 0.360506 0.275117 0.420675 0.630041 0.434380 0.473590 -0.152417 -0.101094 -0.082529 -0.136500 -0.159091 -0.169046 -0.156688 -0.159534 -0.141383 -0.164855 -0.177987 -0.175920 -0.181819 -0.183446 -0.172401 -0.177566 -0.177225 
201.882204 -0.231733 -0.190164 -0.142178 -0.187797 -0.184403 -0.191652 -0.223980 -0.202397 -0.107192 -0.177164 -0.161692 -0.173767 -0.205043 -0.168301 -0.175746 -0.169738 -0.160396 0.410146 0.250969 0.257866 0.408097 0.380108 0.475234 0.402741 0.237084 0.343755 0.677491 0.469459 0.360300 0.275274 0.430909 0.633800 0.434555 0.473974 -0.152534 -0.101130 -0.077077 -0.135360 -0.158909 -0.169760 -0.156535 -0.156843 -0.133580 -0.163634 -0.178135 -0.176634 -0.180807 -0.184597 -0.172201 -0.178229 -0.177144 
201.644749 -0.231642 -0.189499 -0.140964 -0.187387 -0.184353 -0.191663 -0.223880 -0.202046 -0.105744 -0.176762 -0.161621 -0.173705 -0.205006 -0.167946 -0.175579 -0.169691 -0.160385 0.409560 0.248192 0.253411 0.405849 0.380053 0.475185 0.402366 0.236410 0.338165 0.672864 0.469062 0.360140 0.275236 0.428685 0.632514 0.434430 0.473843 -0.152462 -0.100036 -0.077128 -0.135449 -0.158899 -0.169742 -0.156524 -0.156602 -0.133966 -0.163266 -0.178083 -0.176651 -0.180795 -0.184427 -0.172066 -0.178239 -0.177126 
201.548519 -0.231630 -0.189976 -0.140074 -0.187682 -0.184321 -0.191601 -0.223872 -0.202233 -0.105005 -0.177368 -0.161623 -0.173662 -0.205052 -0.167774 -0.175796 -0.169619 -0.160354 0.409924 0.250142 0.254364 0.408514 0.379960 0.475419 0.402341 0.236196 0.337894 0.678471 0.469192 0.360196 0.275316 0.432920 0.634547 0.434550 0.474050 -0.152539 -0.100783 -0.075545 -0.135060 -0.158852 -0.169956 -0.156484 -0.155977 -0.131455 -0.163150 -0.178158 -0.176842 -0.180510 -0.184861 -0.172102 -0.178420 -0.177115 
201.835468 -0.231696 -0.189458 -0.142236 -0.187353 -0.184402 -0.191706 -0.223937 -0.202074 -0.107035 -0.176488 -0.161654 -0.173768 -0.204989 -0.168246 -0.175496 -0.169769 -0.160414 0.409584 0.248012 0.254646 0.404835 0.380144 0.475071 0.402576 0.236864 0.340811 0.670771 0.469151 0.360177 0.275184 0.426400 0.631661 0.434415 0.473745 -0.152434 -0.099993 -0.078320 -0.135701 -0.158943 -0.169586 -0.156560 -0.157191 -0.135711 -0.163528 -0.178051 -0.176496 -0.181020 -0.184171 -0.172106 -0.178094 -0.177144 
202.740200 -0.231982 -0.190279 -0.147688 -0.187836 -0.184613 -0.191816 -0.224247 -0.202648 -0.112895 -0.176247 -0.161854 -0.174042 -0.204991 -0.169609 -0.175491 -0.170067 -0.160510 0.410449 0.251507 0.264630 0.404973 0.380483 0.474695 0.403740 0.239226 0.356395 0.671014 0.469977 0.360509 0.275154 0.422767 0.630854 0.434439 0.473673 -0.152458 -0.101430 -0.081805 -0.136331 -0.159068 -0.169145 -0.156674 -0.159263 -0.140241 -0.164813 -0.178021 -0.176009 -0.181690 -0.183655 -0.172414 -0.177650 -0.177220 
205.774411 -0.232912 -0.193171 -0.164923 -0.189584 -0.185310 -0.192144 -0.225268 -0.204534 -0.131946 -0.175743 -0.162540 -0.174929 -0.204988 -0.173849 -0.175632 -0.171010 -0.160795 0.413544 0.264142 0.298350 0.407376 0.381544 0.473508 0.407451 0.246848 0.408121 0.674539 0.472881 0.361627 0.274925 0.412702 0.629732 0.434700 0.473624 -0.152576 -0.106510 -0.092992 -0.138319 -0.159366 -0.167742 -0.156979 -0.165599 -0.153473 -0.168920 -0.177911 -0.174466 -0.183682 -0.182175 -0.173438 -0.176254 -0.177452 
206.742835 -0.233219 -0.194670 -0.169846 -0.190576 -0.185525 -0.192192 -0.225608 -0.205359 -0.137677 -0.176277 -0.162787 -0.175193 -0.205022 -0.175191 -0.175899 -0.171260 -0.160859 0.415013 0.270942 0.313905 0.411698 0.381838 0.473313 0.408684 0.249509 0.430422 0.682403 0.474030 0.362072 0.274908 0.414582 0.631272 0.434957 0.473830 -0.152713 -0.109037 -0.095276 -0.138641 -0.159409 -0.167483 -0.157039 -0.167120 -0.155346 -0.170248 -0.177956 -0.174139 -0.184059 -0.182194 -0.173817 -0.175972 -0.177518 
201.840320 -0.231709 -0.189817 -0.142086 -0.187581 -0.184398 -0.191675 -0.223953 -0.202234 -0.106985 -0.176855 -0.161670 -0.173761 -0.205017 -0.168245 -0.175629 -0.169746 -0.160402 0.409863 0.249543 0.256196 0.406577 0.380127 0.475149 0.402632 0.236938 0.342087 0.674336 0.469289 0.360231 0.275225 0.428891 0.632815 0.434472 0.473869 -0.152488 -0.100574 -0.077581 -0.135507 -0.158921 -0.169688 -0.156544 -0.156962 -0.134466 -0.163558 -0.178096 -0.176580 -0.180890 -0.184411 -0.172149 -0.178175 -0.177142 
204.882370 -0.232617 -0.191450 -0.160415 -0.188437 -0.185107 -0.192126 -0.224939 -0.203613 -0.126719 -0.174904 -0.162295 -0.174688 -0.204936 -0.172566 -0.175278 -0.170797 -0.160744 0.411963 0.256395 0.281952 0.401715 0.381349 0.473589 0.406299 0.244203 0.385619 0.663938 0.471680 0.361187 0.274903 0.408512 0.627500 0.434387 0.473344 -0.152385 -0.103581 -0.091540 -0.138173 -0.159343 -0.167892 -0.156921 -0.164326 -0.152841 -0.167616 -0.177827 -0.174691 -0.183434 -0.181920 -0.173048 -0.176439 -0.177391 
202.280347 -0.231866 -0.190713 -0.144492 -0.188134 -0.184493 -0.191684 -0.224125 -0.202733 -0.109733 -0.177257 -0.161789 -0.173884 -0.205059 -0.168911 -0.175812 -0.169857 -0.160432 0.410688 0.253322 0.263268 0.409088 0.380254 0.475141 0.403265 0.238140 0.351596 0.679535 0.469908 0.360486 0.275293 0.430687 0.634037 0.434629 0.474011 -0.152573 -0.102054 -0.078204 -0.135531 -0.158958 -0.169623 -0.156578 -0.157632 -0.134930 -0.164217 -0.178149 -0.176469 -0.181034 -0.184504 -0.172358 -0.178080 -0.177177 
200.978345 -0.231431 -0.188998 -0.136790 -0.187087 -0.184193 -0.191570 -0.223655 -0.201658 -0.101370 -0.177053 -0.161478 -0.173498 -0.205011 -0.166888 -0.175635 -0.169460 -0.160307 0.409018 0.246023 0.246103 0.406272 0.379791 0.475461 0.401518 0.234638 0.326423 0.673719 0.468511 0.359910 0.275266 0.432072 0.633614 0.434409 0.473947 -0.152458 -0.099152 -0.074335 -0.134925 -0.158786 -0.170098 -0.156427 -0.154946 -0.130105 -0.162293 -0.178112 -0.177036 -0.180242 -0.184881 -0.171850 -0.178593 -0.177067 
203.808567 -0.232325 -0.191590 -0.153779 -0.188641 -0.184858 -0.191911 -0.224622 -0.203456 -0.119627 -0.176355 -0.162108 -0.174353 -0.205015 -0.171168 -0.175630 -0.170387 -0.160606 0.411776 0.257184 0.278224 0.407141 0.380861 0.474381 0.405103 0.242041 0.376456 0.675097 0.471101 0.360957 0.275140 0.421228 0.631209 0.434585 0.473736 -0.152544 -0.103684 -0.085162 -0.136884 -0.159177 -0.168732 -0.156783 -0.161393 -0.144120 -0.166324 -0.178026 -0.175531 -0.182320 -0.183319 -0.172811 -0.177220 -0.177304 
204.448815 -0.232530 -0.192439 -0.157310 -0.189174 -0.185004 -0.191960 -0.224847 -0.203959 -0.123595 -0.176506 -0.162263 -0.174536 -0.205033 -0.172086 -0.175742 -0.170570 -0.160659 0.412596 0.260900 0.286933 0.408868 0.381053 0.474207 0.405946 0.243733 0.389178 0.678402 0.471797 0.361237 0.275122 0.420936 0.631649 0.434711 0.473803 -0.152608 -0.105130 -0.087017 -0.137178 -0.159230 -0.168507 -0.156840 -0.162585 -0.146110 -0.167220 -0.178038 -0.175266 -0.182657 -0.183181 -0.173055 -0.176984 -0.177352 
204.023996 -0.232388 -0.191682 -0.155070 -0.188688 -0.184909 -0.191945 -0.224690 -0.203542 -0.121016 -0.176195 -0.162152 -0.174419 -0.205007 -0.171469 -0.175597 -0.170462 -0.160631 0.411898 0.257583 0.279994 0.406702 0.380947 0.474248 0.405350 0.242547 0.379529 0.674154 0.471284 0.361030 0.275093 0.419610 0.630761 0.434568 0.473684 -0.152535 -0.103862 -0.086202 -0.137088 -0.159205 -0.168597 -0.156809 -0.161923 -0.145476 -0.166607 -0.178003 -0.175392 -0.182505 -0.183131 -0.172872 -0.177093 -0.177321 
207.797306 -0.233759 -0.197146 -0.199359 -0.189274 -0.184903 -0.148654 -0.228546 -0.207528 -0.170876 -0.171700 -0.165931 -0.124926 -0.207291 -0.181000 -0.176487 -0.158595 -0.161457 0.395828 0.284181 0.357554 0.393869 0.375755 0.345473 0.409271 0.258433 0.502922 0.666959 0.457447 0.278609 0.285818 0.382116 0.614226 0.418887 0.473665 -0.139149 -0.112891 -0.123456 -0.139791 -0.144845 -0.137449 -0.142730 -0.175368 -0.184759 -0.175176 -0.162119 -0.144737 -0.186561 -0.179427 -0.170337 -0.180536 -0.178404 
207.246896 -0.234310 -0.197061 -0.199207 -0.189001 -0.185687 -0.142616 -0.229577 -0.207530 -0.170643 -0.171561 -0.166747 -0.117167 -0.208201 -0.180836 -0.176695 -0.156238 -0.161506 0.392786 0.283308 0.357087 0.391944 0.379211 0.329762 0.412185 0.258269 0.502980 0.666451 0.456460 0.268574 0.290128 0.381551 0.611892 0.418362 0.473888 -0.135883 -0.112295 -0.124005 -0.139041 -0.142646 -0.132765 -0.140376 -0.174999 -0.185229 -0.174763 -0.159305 -0.139156 -0.186619 -0.179645 -0.169373 -0.182142 -0.178530 
206.125502 -0.234306 -0.196849 -0.198992 -0.188210 -0.185316 -0.130544 -0.229752 -0.207462 -0.170274 -0.171056 -0.167034 -0.103818 -0.208950 -0.180605 -0.176753 -0.152052 -0.161532 0.386622 0.282115 0.356344 0.387736 0.377559 0.298303 0.410622 0.257376 0.502817 0.664440 0.450707 0.244403 0.294008 0.380586 0.607623 0.414400 0.473997 -0.131560 -0.111419 -0.124753 -0.137917 -0.138360 -0.125054 -0.136274 -0.174167 -0.185908 -0.174109 -0.154967 -0.131586 -0.186304 -0.179907 -0.167856 -0.183968 -0.178659 
207.505638 -0.234113 -0.197104 -0.199273 -0.189141 -0.185428 -0.145447 -0.229201 -0.207533 -0.170747 -0.171638 -0.166445 -0.120662 -0.207833 -0.180907 -0.176618 -0.157313 -0.161487 0.394221 0.283701 0.357300 0.392873 0.378034 0.337242 0.411231 0.258387 0.502967 0.666742 0.457153 0.273649 0.288346 0.381824 0.612956 0.418786 0.473813 -0.137298 -0.112556 -0.123767 -0.139374 -0.143674 -0.134890 -0.141445 -0.175176 -0.185023 -0.174949 -0.160552 -0.141568 -0.186615 -0.179553 -0.169801 -0.181476 -0.178478 
206.725740 -0.233456 -0.196945 -0.199178 -0.188456 -0.184118 -0.137594 -0.228364 -0.207460 -0.170557 -0.171180 -0.165987 -0.112844 -0.207729 -0.180814 -0.176497 -0.154967 -0.161468 0.390179 0.283321 0.356893 0.389860 0.372457 0.316437 0.406346 0.257501 0.502659 0.665134 0.451509 0.256534 0.288151 0.381309 0.610551 0.414654 0.473661 -0.135895 -0.112193 -0.124081 -0.138919 -0.141028 -0.130915 -0.139154 -0.174584 -0.185336 -0.174660 -0.158497 -0.138804 -0.186182 -0.179638 -0.169076 -0.181998 -0.178501 
205.656514 -0.233949 -0.196752 -0.198929 -0.187801 -0.184554 -0.125590 -0.229245 -0.207413 -0.170153 -0.170773 -0.166767 -0.098905 -0.208906 -0.180540 -0.176674 -0.150528 -0.161519 0.384160 0.281818 0.356049 0.385926 0.374211 0.286034 0.407655 0.256822 0.502607 0.663408 0.447285 0.234246 0.293985 0.380230 0.605949 0.411947 0.473926 -0.130565 -0.111159 -0.124953 -0.137607 -0.136652 -0.122538 -0.134788 -0.173791 -0.186105 -0.173912 -0.153611 -0.129669 -0.186035 -0.179962 -0.167364 -0.184343 -0.178674 
207.720396 -0.234197 -0.197145 -0.199307 -0.189310 -0.185623 -0.147618 -0.229271 -0.207548 -0.170808 -0.171745 -0.166459 -0.123008 -0.207765 -0.180942 -0.176622 -0.158019 -0.161486 0.395363 0.283871 0.357436 0.393693 0.378834 0.343073 0.411946 0.258566 0.503033 0.667116 0.458389 0.278212 0.287978 0.381996 0.613680 0.419720 0.473814 -0.137895 -0.112685 -0.123649 -0.139538 -0.144413 -0.136139 -0.142135 -0.175332 -0.184913 -0.175046 -0.161240 -0.142673 -0.186696 -0.179513 -0.170040 -0.181217 -0.178461 
207.126541 -0.233666 -0.197023 -0.199238 -0.188782 -0.184582 -0.141740 -0.228599 -0.207492 -0.170668 -0.171395 -0.166085 -0.117171 -0.207662 -0.180875 -0.176525 -0.156272 -0.161470 0.392308 0.283601 0.357125 0.391384 0.374460 0.327256 0.408110 0.257894 0.502784 0.665896 0.454022 0.265054 0.287729 0.381589 0.611840 0.416465 0.473695 -0.136913 -0.112427 -0.123878 -0.139211 -0.142455 -0.133221 -0.140438 -0.174886 -0.185143 -0.174837 -0.159736 -0.140691 -0.186363 -0.179574 -0.169510 -0.181571 -0.178475 
207.135475 -0.233942 -0.197032 -0.199216 -0.188845 -0.185046 -0.141671 -0.229033 -0.207506 -0.170643 -0.171447 -0.166387 -0.116646 -0.207924 -0.180849 -0.176602 -0.156099 -0.161486 0.392298 0.283436 0.357088 0.391474 0.376441 0.327217 0.409827 0.258028 0.502869 0.666060 0.454874 0.265720 0.288906 0.381546 0.611731 0.417148 0.473793 -0.136313 -0.112338 -0.123961 -0.139098 -0.142388 -0.132759 -0.140258 -0.174903 -0.185206 -0.174782 -0.159387 -0.139739 -0.186462 -0.179615 -0.169394 -0.181892 -0.178504 
207.241932 -0.233963 -0.197052 -0.199236 -0.188924 -0.185110 -0.142781 -0.229038 -0.207512 -0.170676 -0.171497 -0.166374 -0.117867 -0.207871 -0.180869 -0.176599 -0.156470 -0.161485 0.392838 0.283540 0.357152 0.391881 0.376715 0.330136 0.410063 0.258116 0.502888 0.666257 0.455462 0.267948 0.288635 0.381611 0.612094 0.417522 0.473785 -0.136661 -0.112411 -0.123896 -0.139191 -0.142773 -0.133430 -0.140623 -0.174981 -0.185146 -0.174836 -0.159762 -0.140369 -0.186497 -0.179593 -0.169525 -0.181739 -0.178494 
207.198415 -0.234379 -0.197054 -0.199192 -0.188982 -0.185790 -0.142058 -0.229696 -0.207531 -0.170620 -0.171553 -0.166837 -0.116443 -0.208302 -0.180820 -0.176717 -0.156011 -0.161511 0.392514 0.283220 0.357032 0.391783 0.379619 0.328264 0.412536 0.258268 0.502991 0.666417 0.456425 0.267644 0.290623 0.381520 0.611680 0.418352 0.473920 -0.135538 -0.112235 -0.124061 -0.138962 -0.142435 -0.132291 -0.140148 -0.174966 -0.185275 -0.174720 -0.159025 -0.138584 -0.186631 -0.179667 -0.169276 -0.182303 -0.178543 
206.344592 -0.233757 -0.196880 -0.199079 -0.188245 -0.184494 -0.133290 -0.228897 -0.207451 -0.170401 -0.171058 -0.166422 -0.107568 -0.208275 -0.180704 -0.176601 -0.153307 -0.161494 0.388029 0.282725 0.356565 0.388482 0.374060 0.305521 0.407676 0.257317 0.502694 0.664620 0.450407 0.248950 0.290791 0.380905 0.608845 0.414009 0.473801 -0.133736 -0.111787 -0.124434 -0.138408 -0.139460 -0.127746 -0.137519 -0.174311 -0.185641 -0.174373 -0.156596 -0.135110 -0.186179 -0.179774 -0.168414 -0.182999 -0.178577 
206.350291 -0.233201 -0.196869 -0.199126 -0.188139 -0.183579 -0.133679 -0.228037 -0.207425 -0.170458 -0.170968 -0.165824 -0.108900 -0.207729 -0.180759 -0.176451 -0.153776 -0.161461 0.388209 0.283090 0.356665 0.388452 0.370150 0.306357 0.404292 0.257087 0.502526 0.664342 0.448894 0.248504 0.288290 0.381001 0.609284 0.412811 0.473621 -0.135064 -0.111990 -0.124253 -0.138666 -0.139667 -0.128814 -0.137975 -0.174294 -0.185502 -0.174502 -0.157405 -0.137246 -0.185984 -0.179688 -0.168688 -0.182331 -0.178518 
208.516531 -0.233892 -0.197275 -0.199484 -0.189802 -0.185262 -0.155821 -0.228483 -0.207563 -0.171094 -0.172020 -0.165757 -0.133050 -0.206913 -0.181129 -0.176440 -0.160979 -0.161442 0.399548 0.284768 0.358002 0.396520 0.377186 0.364789 0.410514 0.258990 0.503064 0.667984 0.460985 0.292803 0.283915 0.382667 0.616544 0.421484 0.473648 -0.141395 -0.113352 -0.123014 -0.140371 -0.147287 -0.141792 -0.145090 -0.175866 -0.184355 -0.175514 -0.164566 -0.148869 -0.186769 -0.179271 -0.171180 -0.179452 -0.178329 
205.898122 -0.233822 -0.196797 -0.198986 -0.187943 -0.184441 -0.128349 -0.229043 -0.207424 -0.170246 -0.170863 -0.166593 -0.102060 -0.208629 -0.180603 -0.176635 -0.151559 -0.161507 0.385548 0.282180 0.356266 0.386806 0.373789 0.293033 0.407335 0.256969 0.502617 0.663833 0.448244 0.239467 0.292606 0.380473 0.607059 0.412554 0.473864 -0.131835 -0.111403 -0.124753 -0.137922 -0.137677 -0.124510 -0.135802 -0.173973 -0.185928 -0.174092 -0.154750 -0.131815 -0.186067 -0.179888 -0.167764 -0.183810 -0.178635 
206.237184 -0.233424 -0.196853 -0.199085 -0.188102 -0.183908 -0.132318 -0.228400 -0.207428 -0.170398 -0.170952 -0.166097 -0.107012 -0.208021 -0.180714 -0.176518 -0.153169 -0.161477 0.387557 0.282825 0.356545 0.388055 0.371557 0.303027 0.405489 0.257087 0.502560 0.664286 0.448953 0.246435 0.289670 0.380858 0.608692 0.412930 0.473700 -0.134108 -0.111819 -0.124400 -0.138454 -0.139160 -0.127642 -0.137383 -0.174217 -0.185625 -0.174387 -0.156647 -0.135633 -0.186030 -0.179748 -0.168425 -0.182791 -0.178555 
207.269672 -0.233913 -0.197056 -0.199245 -0.188933 -0.185033 -0.143102 -0.228952 -0.207511 -0.170690 -0.171500 -0.166309 -0.118310 -0.207804 -0.180879 -0.176582 -0.156608 -0.161481 0.393016 0.283601 0.357162 0.391955 0.376359 0.330941 0.409778 0.258108 0.502890 0.666249 0.455441 0.268431 0.288308 0.381675 0.612238 0.417520 0.473775 -0.136880 -0.112448 -0.123862 -0.139238 -0.142892 -0.133711 -0.140760 -0.174999 -0.185117 -0.174862 -0.159937 -0.140734 -0.186487 -0.179579 -0.169584 -0.181631 -0.178485 
205.932412 -0.233678 -0.196800 -0.199004 -0.187937 -0.184217 -0.128816 -0.228823 -0.207420 -0.170272 -0.170854 -0.166439 -0.102773 -0.208467 -0.180625 -0.176597 -0.151806 -0.161498 0.385803 0.282330 0.356311 0.386942 0.372840 0.294243 0.406535 0.256939 0.502593 0.663863 0.448041 0.240177 0.291835 0.380558 0.607295 0.412391 0.473808 -0.132317 -0.111483 -0.124684 -0.138027 -0.137870 -0.125041 -0.136044 -0.173994 -0.185873 -0.174147 -0.155089 -0.132592 -0.186027 -0.179858 -0.167881 -0.183593 -0.178616 
205.285610 -0.233732 -0.196677 -0.198873 -0.187494 -0.184049 -0.121560 -0.228924 -0.207375 -0.170049 -0.170558 -0.166613 -0.094870 -0.208929 -0.180480 -0.176625 -0.149255 -0.161512 0.382205 0.281540 0.355852 0.384510 0.371910 0.276212 0.405619 0.256393 0.502481 0.662589 0.444666 0.226282 0.294238 0.379937 0.604618 0.410148 0.473890 -0.129601 -0.110923 -0.125132 -0.137321 -0.135220 -0.120350 -0.133538 -0.173491 -0.186277 -0.173736 -0.152428 -0.127895 -0.185836 -0.180015 -0.166934 -0.184716 -0.178693 
205.301444 -0.233804 -0.196682 -0.198871 -0.187521 -0.184173 -0.121693 -0.229031 -0.207379 -0.170048 -0.170579 -0.166681 -0.094919 -0.208989 -0.180477 -0.176642 -0.149258 -0.161516 0.382277 0.281492 0.355828 0.384568 0.372430 0.276500 0.406097 0.256445 0.502502 0.662648 0.444943 0.226591 0.294534 0.379943 0.604625 0.410353 0.473916 -0.129487 -0.110910 -0.125144 -0.137301 -0.135256 -0.120311 -0.133542 -0.173507 -0.186284 -0.173728 -0.152389 -0.127732 -0.185867 -0.180022 -0.166923 -0.184766 -0.178699 
202.599493 -0.233127 -0.195139 -0.195789 -0.159359 -0.152318 -0.189961 -0.225015 -0.205229 -0.170756 -0.138831 -0.134737 -0.180792 -0.203471 -0.179011 -0.168911 -0.177076 -0.162166 0.407200 0.281690 0.352133 0.381637 0.334958 0.438412 0.413755 0.264367 0.492046 0.542918 0.438172 0.370774 0.268789 0.372538 0.667346 0.458716 0.475515 -0.151029 -0.117887 -0.111845 -0.106473 -0.126514 -0.145969 -0.157226 -0.182099 -0.173062 -0.142775 -0.141157 -0.156500 -0.187690 -0.172465 -0.179668 -0.172698 -0.178252 
195.759450 -0.231558 -0.193187 -0.188718 -0.134227 -0.123940 -0.183245 -0.222460 -0.203638 -0.167310 -0.114252 -0.108304 -0.175641 -0.202290 -0.176860 -0.160831 -0.175668 -0.162350 0.397999 0.276003 0.328055 0.299657 0.259348 0.411423 0.406590 0.264120 0.473481 0.419215 0.336463 0.350410 0.264437 0.364396 0.640974 0.451657 0.474332 -0.149602 -0.118123 -0.102673 -0.087900 -0.111933 -0.138112 -0.156109 -0.183643 -0.167797 -0.125689 -0.121293 -0.146797 -0.186813 -0.169895 -0.177845 -0.168976 -0.177987 
201.464113 -0.232616 -0.194981 -0.192975 -0.156387 -0.147285 -0.186260 -0.223837 -0.205084 -0.169257 -0.136479 -0.128556 -0.176124 -0.202930 -0.178913 -0.166440 -0.174645 -0.161990 0.407114 0.280402 0.340434 0.345550 0.304441 0.431410 0.409045 0.263237 0.484943 0.509435 0.391302 0.354681 0.266611 0.372204 0.637478 0.444369 0.473617 -0.151321 -0.117453 -0.109458 -0.107962 -0.129591 -0.148359 -0.157005 -0.181973 -0.173346 -0.145139 -0.142741 -0.156312 -0.186998 -0.173188 -0.176612 -0.170216 -0.177920 
199.573756 -0.232305 -0.194383 -0.191884 -0.149181 -0.139929 -0.185657 -0.223478 -0.204597 -0.168807 -0.129108 -0.122313 -0.176602 -0.202748 -0.178237 -0.164842 -0.175322 -0.162139 0.404079 0.279048 0.337797 0.334809 0.292816 0.425319 0.408799 0.263675 0.481978 0.481926 0.378484 0.355327 0.266009 0.369507 0.642953 0.448691 0.474062 -0.150756 -0.117778 -0.107458 -0.100729 -0.123095 -0.144587 -0.156795 -0.182600 -0.171423 -0.138154 -0.135201 -0.153135 -0.187013 -0.171971 -0.177395 -0.170093 -0.177984 
195.795128 -0.231804 -0.193063 -0.189886 -0.133600 -0.124453 -0.185225 -0.223074 -0.203582 -0.167942 -0.113212 -0.109718 -0.178162 -0.202687 -0.176622 -0.161477 -0.177086 -0.162490 0.396485 0.276125 0.332786 0.308477 0.266992 0.413431 0.408905 0.264868 0.476072 0.421485 0.348432 0.358480 0.266221 0.363602 0.655322 0.460533 0.475604 -0.148919 -0.118231 -0.103469 -0.085358 -0.108262 -0.135441 -0.155748 -0.183760 -0.167020 -0.122133 -0.117834 -0.145492 -0.187290 -0.169095 -0.179733 -0.170302 -0.178206 
199.472947 -0.232367 -0.194302 -0.192273 -0.148504 -0.139693 -0.186360 -0.223684 -0.204541 -0.169036 -0.128254 -0.122478 -0.177648 -0.202854 -0.178119 -0.165043 -0.175937 -0.162203 0.403449 0.279030 0.339659 0.339311 0.296429 0.425809 0.409725 0.264005 0.482912 0.482783 0.384488 0.358748 0.266486 0.369115 0.649732 0.452444 0.474548 -0.150541 -0.117896 -0.107614 -0.099177 -0.121306 -0.143396 -0.156751 -0.182719 -0.171014 -0.136394 -0.133481 -0.152549 -0.187178 -0.171594 -0.178171 -0.170594 -0.178067 
195.288132 -0.231636 -0.192934 -0.189084 -0.131734 -0.122140 -0.184316 -0.222772 -0.203473 -0.167534 -0.111494 -0.107376 -0.177237 -0.202524 -0.176489 -0.160714 -0.176677 -0.162473 0.396039 0.275628 0.329938 0.300754 0.260153 0.411077 0.407900 0.264686 0.474109 0.412408 0.338774 0.355289 0.265565 0.363155 0.650343 0.458159 0.475271 -0.148928 -0.118218 -0.102578 -0.084477 -0.107944 -0.135398 -0.155719 -0.183843 -0.166767 -0.121564 -0.117017 -0.144990 -0.187132 -0.169060 -0.179218 -0.169735 -0.178140 
196.265215 -0.231803 -0.193264 -0.189854 -0.135793 -0.126358 -0.184775 -0.222973 -0.203726 -0.167906 -0.115522 -0.110978 -0.177350 -0.202581 -0.176895 -0.161771 -0.176510 -0.162409 0.397878 0.276463 0.332355 0.310289 0.268903 0.414539 0.408347 0.264523 0.476279 0.429106 0.349975 0.356174 0.265675 0.364573 0.650547 0.456768 0.475067 -0.149366 -0.118170 -0.103786 -0.087933 -0.111143 -0.137355 -0.156026 -0.183597 -0.167799 -0.125142 -0.121006 -0.146869 -0.187132 -0.169675 -0.178942 -0.169936 -0.178120 
194.026758 -0.231212 -0.192616 -0.187155 -0.127038 -0.116301 -0.182116 -0.222005 -0.203192 -0.166547 -0.107208 -0.101665 -0.175069 -0.202106 -0.176172 -0.158869 -0.175768 -0.162441 0.394955 0.274508 0.323145 0.282379 0.243544 0.404916 0.405504 0.264296 0.469217 0.390397 0.316183 0.347758 0.263845 0.361935 0.639062 0.452829 0.474492 -0.148972 -0.118228 -0.100343 -0.082033 -0.106773 -0.135031 -0.155684 -0.184085 -0.166058 -0.119828 -0.114699 -0.143694 -0.186724 -0.168910 -0.178067 -0.168416 -0.177986 
198.902752 -0.232201 -0.194162 -0.191497 -0.146539 -0.137254 -0.185480 -0.223371 -0.204421 -0.168643 -0.126410 -0.120069 -0.176791 -0.202701 -0.177980 -0.164257 -0.175580 -0.162195 0.402916 0.278550 0.336825 0.330564 0.288456 0.423201 0.408736 0.263862 0.480939 0.471757 0.373511 0.355656 0.265876 0.368547 0.644884 0.450385 0.474252 -0.150513 -0.117880 -0.106736 -0.098111 -0.120694 -0.143161 -0.156685 -0.182816 -0.170706 -0.135561 -0.132391 -0.151931 -0.187032 -0.171513 -0.177709 -0.170069 -0.178011 
197.273164 -0.231827 -0.193689 -0.189875 -0.140408 -0.130366 -0.183966 -0.222779 -0.204032 -0.167853 -0.120423 -0.113810 -0.175738 -0.202418 -0.177462 -0.162387 -0.175364 -0.162250 0.400680 0.277241 0.331478 0.312706 0.271643 0.416711 0.407177 0.263870 0.476629 0.443744 0.351748 0.351426 0.264828 0.366567 0.640097 0.449400 0.474062 -0.150174 -0.117980 -0.104540 -0.093378 -0.116858 -0.141055 -0.156446 -0.183217 -0.169369 -0.131163 -0.127353 -0.149545 -0.186830 -0.170837 -0.177422 -0.169270 -0.177960 
195.683946 -0.231625 -0.193113 -0.189027 -0.133642 -0.123742 -0.183861 -0.222655 -0.203596 -0.167486 -0.113522 -0.108423 -0.176466 -0.202416 -0.176738 -0.160950 -0.176147 -0.162401 0.397286 0.275962 0.329419 0.301926 0.261359 0.411856 0.407347 0.264379 0.474143 0.418694 0.339606 0.353039 0.265022 0.363993 0.645769 0.454693 0.474759 -0.149340 -0.118167 -0.102823 -0.086744 -0.110480 -0.137093 -0.155974 -0.183705 -0.167454 -0.124223 -0.119818 -0.146210 -0.186974 -0.169578 -0.178485 -0.169389 -0.178060 
196.299731 -0.231637 -0.193378 -0.189059 -0.136514 -0.126225 -0.183363 -0.222526 -0.203784 -0.167464 -0.116566 -0.110201 -0.175501 -0.202306 -0.177098 -0.161352 -0.175461 -0.162304 0.399079 0.276444 0.328965 0.303717 0.263185 0.413134 0.406635 0.263975 0.474426 0.427828 0.341090 0.350202 0.264433 0.365210 0.639641 0.450250 0.474141 -0.149862 -0.118066 -0.103296 -0.090052 -0.113953 -0.139354 -0.156260 -0.183483 -0.168419 -0.127909 -0.123723 -0.147886 -0.186782 -0.170292 -0.177559 -0.168990 -0.177962 
196.334415 -0.231721 -0.193341 -0.189453 -0.136386 -0.126507 -0.184025 -0.222744 -0.203771 -0.167682 -0.116284 -0.110721 -0.176344 -0.202434 -0.177023 -0.161594 -0.175924 -0.162348 0.398613 0.276506 0.330607 0.307262 0.266341 0.414008 0.407448 0.264211 0.475384 0.429363 0.345751 0.352967 0.265007 0.365006 0.644601 0.453106 0.474544 -0.149659 -0.118111 -0.103576 -0.089268 -0.112873 -0.138572 -0.156173 -0.183522 -0.168195 -0.126857 -0.122711 -0.147525 -0.186943 -0.170045 -0.178167 -0.169424 -0.178032 
199.143394 -0.232264 -0.194225 -0.191787 -0.147394 -0.138274 -0.185792 -0.223485 -0.204474 -0.168788 -0.127226 -0.121044 -0.177069 -0.202757 -0.178045 -0.164565 -0.175682 -0.162194 0.403163 0.278741 0.337847 0.333828 0.291486 0.424245 0.409086 0.263899 0.481662 0.476186 0.377571 0.356681 0.266096 0.368812 0.646437 0.450955 0.474340 -0.150539 -0.117878 -0.107087 -0.098658 -0.121075 -0.143344 -0.156714 -0.182768 -0.170862 -0.136030 -0.132962 -0.152226 -0.187080 -0.171574 -0.177843 -0.170249 -0.178028 
195.916136 -0.231588 -0.193238 -0.188853 -0.134866 -0.124619 -0.183342 -0.222499 -0.203679 -0.167376 -0.114884 -0.108893 -0.175683 -0.202307 -0.176920 -0.161004 -0.175654 -0.162341 0.398240 0.276135 0.328493 0.301169 0.260755 0.411990 0.406675 0.264094 0.473840 0.421828 0.338244 0.350614 0.264497 0.364607 0.641046 0.451543 0.474314 -0.149657 -0.118111 -0.102878 -0.088437 -0.112405 -0.138391 -0.156145 -0.183601 -0.167953 -0.126220 -0.121888 -0.147074 -0.186819 -0.169984 -0.177822 -0.169021 -0.177987 
198.604434 -0.232038 -0.194138 -0.190692 -0.145791 -0.135796 -0.184337 -0.222987 -0.204385 -0.168206 -0.125894 -0.118378 -0.175408 -0.202508 -0.177995 -0.163593 -0.174874 -0.162142 0.403112 0.278273 0.333544 0.321395 0.280307 0.420966 0.407305 0.263539 0.478886 0.463895 0.361849 0.350931 0.265063 0.368525 0.636500 0.446132 0.473673 -0.150682 -0.117787 -0.106033 -0.098607 -0.121623 -0.143901 -0.156687 -0.182796 -0.170817 -0.136354 -0.133002 -0.151993 -0.186793 -0.171754 -0.176803 -0.169338 -0.177909 
194.750346 -0.231386 -0.192840 -0.187941 -0.129973 -0.119561 -0.182814 -0.222270 -0.203372 -0.166940 -0.110023 -0.104586 -0.175598 -0.202230 -0.176431 -0.159762 -0.175887 -0.162419 0.396070 0.275132 0.325743 0.290595 0.251027 0.407899 0.406223 0.264307 0.471315 0.402626 0.325953 0.349799 0.264304 0.362879 0.641552 0.453358 0.474564 -0.149157 -0.118197 -0.101414 -0.084194 -0.108532 -0.136034 -0.155823 -0.183914 -0.166702 -0.121889 -0.117075 -0.144847 -0.186819 -0.169234 -0.178181 -0.168798 -0.178011 
197.961980 -0.232093 -0.193826 -0.191122 -0.142652 -0.133501 -0.185545 -0.223323 -0.204163 -0.168502 -0.122385 -0.117087 -0.177449 -0.202701 -0.177569 -0.163518 -0.176169 -0.162295 0.400946 0.277855 0.336186 0.325783 0.283437 0.420468 0.409001 0.264229 0.479771 0.457636 0.368246 0.357341 0.265996 0.367034 0.649876 0.454172 0.474737 -0.150050 -0.118039 -0.105819 -0.093987 -0.116692 -0.140698 -0.156463 -0.183139 -0.169555 -0.131291 -0.127822 -0.149993 -0.187135 -0.170734 -0.178458 -0.170248 -0.178084 
196.594980 -0.231746 -0.193442 -0.189552 -0.137524 -0.127579 -0.183973 -0.222742 -0.203844 -0.167721 -0.117460 -0.111561 -0.176134 -0.202420 -0.177151 -0.161807 -0.175745 -0.162318 0.399227 0.276692 0.330799 0.308717 0.267748 0.414731 0.407329 0.264100 0.475683 0.433403 0.347302 0.352414 0.264892 0.365464 0.643142 0.451908 0.474386 -0.149820 -0.118076 -0.103831 -0.090453 -0.114051 -0.139315 -0.156262 -0.183437 -0.168538 -0.128124 -0.124072 -0.148119 -0.186903 -0.170281 -0.177925 -0.169359 -0.178008 
202.963032 -0.175056 -0.143119 -0.195226 -0.190171 -0.185332 -0.188390 -0.169620 -0.157984 -0.175925 -0.170456 -0.160294 -0.178912 -0.186120 -0.180214 -0.172135 -0.172536 -0.159840 0.297746 0.204499 0.352992 0.399567 0.372290 0.443970 0.292331 0.237935 0.490231 0.657878 0.472020 0.351776 0.263818 0.387540 0.621323 0.425172 0.472006 -0.107071 -0.075869 -0.111984 -0.142488 -0.159833 -0.154075 -0.119363 -0.137299 -0.170112 -0.177436 -0.180923 -0.154905 -0.203822 -0.182228 -0.179669 -0.163683 -0.177965 
202.869207 -0.172983 -0.144009 -0.196447 -0.190170 -0.185363 -0.189731 -0.168531 -0.155492 -0.178084 -0.170592 -0.160376 -0.180948 -0.185105 -0.180377 -0.172015 -0.173013 -0.159736 0.318099 0.218048 0.357099 0.401216 0.373230 0.449878 0.302962 0.251405 0.500534 0.659919 0.472846 0.357426 0.268375 0.392932 0.621467 0.424326 0.472228 -0.105670 -0.073463 -0.110704 -0.142711 -0.160303 -0.154967 -0.115499 -0.130933 -0.169069 -0.177291 -0.181244 -0.154033 -0.205252 -0.184313 -0.179904 -0.162548 -0.178012 
201.835468 -0.164882 -0.137473 -0.196171 -0.189879 -0.185211 -0.189660 -0.161003 -0.148512 -0.179001 -0.170215 -0.159967 -0.181777 -0.182350 -0.180061 -0.171513 -0.173033 -0.159520 0.305236 0.210349 0.357493 0.400645 0.372293 0.448737 0.289004 0.245875 0.502177 0.658811 0.472110 0.357645 0.269184 0.394971 0.620537 0.422689 0.472149 -0.099981 -0.068864 -0.109627 -0.142604 -0.160365 -0.154049 -0.109966 -0.124023 -0.167239 -0.177167 -0.181634 -0.151796 -0.207409 -0.185367 -0.180393 -0.161032 -0.178023 
203.563737 -0.177818 -0.148761 -0.197039 -0.190369 -0.185486 -0.190290 -0.173243 -0.159429 -0.178162 -0.170881 -0.160692 -0.181082 -0.186631 -0.180614 -0.172318 -0.173154 -0.159847 0.333090 0.227628 0.358204 0.402248 0.374265 0.452817 0.315305 0.258521 0.503061 0.661378 0.473609 0.359247 0.269323 0.393367 0.622072 0.425186 0.472350 -0.109079 -0.075742 -0.111058 -0.142862 -0.160403 -0.155896 -0.117957 -0.133513 -0.169968 -0.177317 -0.181063 -0.155233 -0.204230 -0.184274 -0.179638 -0.163186 -0.178019 
202.309027 -0.168656 -0.140453 -0.196269 -0.190012 -0.185277 -0.189649 -0.164500 -0.151793 -0.178528 -0.170388 -0.160152 -0.181343 -0.183649 -0.180211 -0.171747 -0.173013 -0.159622 0.310800 0.213646 0.357209 0.400852 0.372696 0.449076 0.295301 0.248372 0.501135 0.659252 0.472410 0.357388 0.268709 0.393900 0.620995 0.423512 0.472172 -0.102622 -0.071032 -0.110143 -0.142648 -0.160329 -0.154445 -0.112608 -0.127366 -0.168108 -0.177232 -0.181452 -0.152851 -0.206389 -0.184831 -0.180165 -0.161762 -0.178017 
203.330940 -0.177712 -0.145622 -0.195480 -0.190275 -0.185395 -0.188627 -0.172167 -0.160091 -0.175888 -0.170601 -0.160455 -0.178899 -0.186939 -0.180320 -0.172296 -0.172591 -0.159903 0.304345 0.208659 0.353379 0.400099 0.372804 0.445297 0.298199 0.240678 0.491176 0.658573 0.472378 0.352497 0.264226 0.387594 0.621665 0.425609 0.472070 -0.108973 -0.077241 -0.112221 -0.142558 -0.159862 -0.154545 -0.120817 -0.138848 -0.170604 -0.177446 -0.180813 -0.155585 -0.203218 -0.182148 -0.179519 -0.164057 -0.177967 
200.471820 -0.154556 -0.127351 -0.194920 -0.189495 -0.184955 -0.188421 -0.151076 -0.140394 -0.178710 -0.169632 -0.159316 -0.181417 -0.179126 -0.179530 -0.170887 -0.172690 -0.159290 0.274446 0.190851 0.355275 0.398426 0.370130 0.442375 0.264099 0.230351 0.496469 0.655704 0.470381 0.353622 0.267170 0.393869 0.619157 0.420922 0.471872 -0.092983 -0.064678 -0.109137 -0.142227 -0.160114 -0.152083 -0.105114 -0.119023 -0.165424 -0.177076 -0.181955 -0.149305 -0.209465 -0.185325 -0.180905 -0.159738 -0.178001 
202.846253 -0.173302 -0.143294 -0.195963 -0.190157 -0.185339 -0.189170 -0.168554 -0.156051 -0.177307 -0.170529 -0.160318 -0.180194 -0.185341 -0.180308 -0.172033 -0.172829 -0.159765 0.309862 0.212528 0.355535 0.400485 0.372793 0.447407 0.298563 0.246429 0.496522 0.659051 0.472458 0.355208 0.266693 0.390963 0.621370 0.424606 0.472138 -0.105907 -0.074231 -0.111135 -0.142613 -0.160128 -0.154570 -0.116718 -0.133024 -0.169371 -0.177341 -0.181148 -0.154265 -0.204829 -0.183570 -0.179843 -0.162913 -0.177995 
203.936641 -0.182241 -0.149451 -0.195699 -0.190441 -0.185494 -0.188825 -0.176353 -0.163805 -0.175493 -0.170802 -0.160702 -0.178579 -0.188378 -0.180449 -0.172567 -0.172604 -0.160018 0.311356 0.213042 0.353380 0.400668 0.373479 0.446561 0.305551 0.242377 0.491202 0.659385 0.472852 0.352838 0.264222 0.386929 0.622150 0.426429 0.472142 -0.112212 -0.079776 -0.112810 -0.142633 -0.159831 -0.155165 -0.123694 -0.142242 -0.171534 -0.177478 -0.180579 -0.156780 -0.202033 -0.181708 -0.179238 -0.164811 -0.177962 
204.424547 -0.184646 -0.153512 -0.196850 -0.190603 -0.185600 -0.189934 -0.179341 -0.165417 -0.176763 -0.171121 -0.160985 -0.179802 -0.188974 -0.180743 -0.172734 -0.172974 -0.160045 0.335259 0.228480 0.356624 0.402286 0.374727 0.451883 0.322105 0.256493 0.498727 0.661592 0.473860 0.357317 0.267475 0.390183 0.622694 0.426633 0.472369 -0.114032 -0.080362 -0.112395 -0.142850 -0.160174 -0.156361 -0.123480 -0.140735 -0.171660 -0.177415 -0.180624 -0.157228 -0.202071 -0.182828 -0.179164 -0.164680 -0.177994 
203.460829 -0.178301 -0.146822 -0.195859 -0.190321 -0.185425 -0.188994 -0.172972 -0.160403 -0.176352 -0.170697 -0.160538 -0.179335 -0.187051 -0.180409 -0.172335 -0.172719 -0.159906 0.311873 0.213515 0.354476 0.400591 0.373187 0.447029 0.303325 0.245257 0.493742 0.659311 0.472709 0.354025 0.265391 0.388788 0.621814 0.425632 0.472140 -0.109434 -0.077319 -0.112036 -0.142629 -0.159979 -0.154930 -0.120580 -0.138101 -0.170582 -0.177421 -0.180842 -0.155678 -0.203297 -0.182571 -0.179510 -0.163966 -0.177978 
202.663733 -0.171444 -0.142669 -0.196346 -0.190112 -0.185330 -0.189656 -0.167078 -0.154201 -0.178186 -0.170514 -0.160291 -0.181032 -0.184599 -0.180314 -0.171920 -0.172999 -0.159697 0.314888 0.216058 0.356999 0.401005 0.372994 0.449383 0.299886 0.250005 0.500410 0.659583 0.472633 0.357236 0.268359 0.393151 0.621246 0.424070 0.472194 -0.104585 -0.072642 -0.110532 -0.142681 -0.160299 -0.154747 -0.114548 -0.129806 -0.168746 -0.177275 -0.181313 -0.153624 -0.205632 -0.184444 -0.179994 -0.162294 -0.178012 
203.179351 -0.175802 -0.145436 -0.196103 -0.190250 -0.185393 -0.189279 -0.170892 -0.158135 -0.177113 -0.170649 -0.160455 -0.180033 -0.186156 -0.180399 -0.172186 -0.172843 -0.159828 0.314479 0.215379 0.355602 0.400817 0.373169 0.448118 0.303128 0.248167 0.496596 0.659491 0.472736 0.355426 0.266672 0.390593 0.621636 0.425031 0.472178 -0.107678 -0.075593 -0.111438 -0.142658 -0.160122 -0.154914 -0.118293 -0.134899 -0.169897 -0.177366 -0.181029 -0.154929 -0.204194 -0.183335 -0.179692 -0.163333 -0.177993 
201.972052 -0.166872 -0.137168 -0.195288 -0.189907 -0.185184 -0.188540 -0.162375 -0.150927 -0.177311 -0.170171 -0.159922 -0.180144 -0.183335 -0.180017 -0.171642 -0.172668 -0.159615 0.292457 0.201566 0.354458 0.399268 0.371517 0.444016 0.283664 0.238382 0.493833 0.657279 0.471505 0.353198 0.265681 0.390657 0.620549 0.423470 0.471977 -0.101394 -0.071173 -0.110650 -0.142423 -0.160025 -0.153409 -0.113354 -0.129441 -0.168186 -0.177300 -0.181390 -0.152649 -0.206225 -0.183704 -0.180191 -0.162033 -0.177987 
204.318892 -0.183345 -0.153380 -0.197295 -0.190582 -0.185601 -0.190436 -0.178425 -0.164141 -0.177613 -0.171147 -0.160990 -0.180614 -0.188462 -0.180804 -0.172662 -0.173154 -0.159992 0.342709 0.233519 0.358185 0.402838 0.375023 0.454041 0.325371 0.261862 0.502563 0.662265 0.474140 0.359435 0.269071 0.392230 0.622671 0.426247 0.472441 -0.113068 -0.079022 -0.111834 -0.142932 -0.160363 -0.156608 -0.121672 -0.138014 -0.171185 -0.177369 -0.180776 -0.156744 -0.202755 -0.183639 -0.179288 -0.164172 -0.178012 
201.764781 -0.164687 -0.136521 -0.195769 -0.189856 -0.185178 -0.189159 -0.160652 -0.148639 -0.178410 -0.170155 -0.159895 -0.181190 -0.182412 -0.180009 -0.171503 -0.172881 -0.159533 0.298508 0.205813 0.356267 0.399957 0.371840 0.446563 0.285340 0.242283 0.498825 0.658058 0.471742 0.355784 0.267855 0.393430 0.620457 0.422814 0.472067 -0.099885 -0.069333 -0.109923 -0.142509 -0.160232 -0.153670 -0.110715 -0.125430 -0.167403 -0.177205 -0.181583 -0.151887 -0.207188 -0.184808 -0.180369 -0.161265 -0.178009 
202.171700 -0.167306 -0.139928 -0.196504 -0.189976 -0.185273 -0.189995 -0.163364 -0.150444 -0.179111 -0.170361 -0.160129 -0.181911 -0.183106 -0.180191 -0.171663 -0.173123 -0.159573 0.313283 0.215513 0.358138 0.401234 0.372835 0.450422 0.295348 0.249923 0.503794 0.659618 0.472543 0.358734 0.269749 0.395344 0.620921 0.423095 0.472218 -0.101635 -0.069842 -0.109740 -0.142697 -0.160435 -0.154541 -0.111065 -0.125122 -0.167662 -0.177183 -0.181559 -0.152373 -0.206940 -0.185412 -0.180271 -0.161320 -0.178028 
202.530205 -0.170501 -0.141715 -0.196217 -0.190073 -0.185306 -0.189528 -0.166157 -0.153452 -0.178146 -0.170456 -0.160227 -0.180983 -0.184308 -0.180266 -0.171862 -0.172965 -0.159676 0.311779 0.214062 0.356763 0.400778 0.372794 0.448725 0.297399 0.248479 0.499818 0.659304 0.472489 0.356817 0.268126 0.393001 0.621144 0.423904 0.472164 -0.103928 -0.072233 -0.110481 -0.142647 -0.160275 -0.154554 -0.114110 -0.129373 -0.168581 -0.177270 -0.181344 -0.153397 -0.205818 -0.184426 -0.180043 -0.162182 -0.178010 
203.052899 -0.173522 -0.146157 -0.197333 -0.190228 -0.185436 -0.190806 -0.169428 -0.155507 -0.179316 -0.170737 -0.160544 -0.182185 -0.185074 -0.180522 -0.172055 -0.173335 -0.159712 0.333802 0.228748 0.359748 0.402664 0.374259 0.454562 0.311674 0.260178 0.507603 0.661611 0.473612 0.361377 0.271052 0.396140 0.621763 0.424167 0.472392 -0.105915 -0.072497 -0.110098 -0.142917 -0.160596 -0.155772 -0.114038 -0.128197 -0.168794 -0.177227 -0.181349 -0.153877 -0.205689 -0.185447 -0.179945 -0.162099 -0.178041 
204.043287 -0.182100 -0.150956 -0.196516 -0.190493 -0.185533 -0.189622 -0.176827 -0.163358 -0.176698 -0.170962 -0.160813 -0.179706 -0.188185 -0.180622 -0.172574 -0.172897 -0.159987 0.327025 0.223220 0.355941 0.401711 0.374171 0.450255 0.315256 0.252759 0.497199 0.660771 0.473445 0.356269 0.266861 0.389886 0.622344 0.426206 0.472293 -0.112186 -0.079070 -0.112195 -0.142775 -0.160120 -0.155843 -0.122187 -0.139435 -0.171195 -0.177412 -0.180724 -0.156591 -0.202610 -0.182819 -0.179310 -0.164355 -0.177990 
198.625283 -0.234897 -0.197900 -0.200060 -0.192718 -0.186936 -0.193035 -0.220867 -0.200283 -0.166440 -0.167429 -0.158273 -0.170473 -0.152565 -0.135878 -0.130606 -0.126004 -0.102549 0.418913 0.285691 0.359992 0.411630 0.383989 0.469884 0.401165 0.249371 0.489792 0.645786 0.461267 0.347810 0.224091 0.272848 0.375713 0.266068 0.280052 -0.151910 -0.114423 -0.120000 -0.142836 -0.158902 -0.163482 -0.154483 -0.175359 -0.181890 -0.177486 -0.178409 -0.168856 -0.115165 -0.113710 -0.117442 -0.111518 -0.117581 
198.266660 -0.234896 -0.197899 -0.200057 -0.192717 -0.186941 -0.193041 -0.220674 -0.199986 -0.166220 -0.167218 -0.158073 -0.170292 -0.150846 -0.134412 -0.129297 -0.124709 -0.101038 0.418922 0.285656 0.359966 0.411634 0.383996 0.469875 0.401013 0.248935 0.489506 0.645374 0.460979 0.347435 0.222517 0.269551 0.369147 0.261641 0.275405 -0.151908 -0.114387 -0.119986 -0.142840 -0.158884 -0.163463 -0.154474 -0.175286 -0.181910 -0.177540 -0.178462 -0.168806 -0.112432 -0.111296 -0.115343 -0.109430 -0.115665 
197.195636 -0.234902 -0.197899 -0.200045 -0.192721 -0.186949 -0.193053 -0.219951 -0.199380 -0.165669 -0.166576 -0.157453 -0.169538 -0.145823 -0.129915 -0.124544 -0.119644 -0.094915 0.418832 0.285526 0.359913 0.411688 0.384018 0.469843 0.398467 0.247745 0.487890 0.642211 0.459000 0.345562 0.212043 0.256285 0.347987 0.247048 0.256597 -0.151820 -0.114271 -0.119933 -0.142775 -0.158812 -0.163395 -0.153976 -0.174816 -0.181801 -0.177465 -0.178524 -0.168651 -0.107665 -0.107025 -0.111371 -0.104968 -0.110658 
195.785154 -0.234900 -0.197895 -0.200031 -0.192719 -0.186966 -0.193079 -0.219065 -0.198233 -0.164762 -0.165663 -0.156579 -0.168665 -0.138618 -0.123689 -0.118689 -0.113702 -0.088034 0.418786 0.285315 0.359840 0.411736 0.384098 0.469875 0.396822 0.245866 0.486404 0.639710 0.457385 0.343683 0.202148 0.240925 0.321313 0.228763 0.235969 -0.151784 -0.114119 -0.119873 -0.142764 -0.158733 -0.163316 -0.153756 -0.174384 -0.181813 -0.177598 -0.178714 -0.168465 -0.097983 -0.098439 -0.103788 -0.097253 -0.103154 
200.035528 -0.234895 -0.197904 -0.200072 -0.192718 -0.186921 -0.193012 -0.221644 -0.201288 -0.167222 -0.168220 -0.159021 -0.171227 -0.159011 -0.141459 -0.135860 -0.131343 -0.108930 0.418976 0.285902 0.360050 0.411591 0.383925 0.469884 0.402413 0.250959 0.491193 0.648227 0.462895 0.349476 0.231437 0.286434 0.401804 0.283819 0.299862 -0.151951 -0.114560 -0.120056 -0.142848 -0.158974 -0.163561 -0.154696 -0.175717 -0.181876 -0.177374 -0.178252 -0.169057 -0.124436 -0.121912 -0.124667 -0.118923 -0.124685 
198.252412 -0.234903 -0.197902 -0.200054 -0.192723 -0.186935 -0.193035 -0.220561 -0.200217 -0.166314 -0.167217 -0.158060 -0.170130 -0.150982 -0.134352 -0.128636 -0.123768 -0.099738 0.418820 0.285671 0.359935 0.411690 0.383998 0.469846 0.399320 0.249045 0.488927 0.643903 0.460095 0.346833 0.217750 0.266705 0.367544 0.260407 0.271158 -0.151839 -0.114379 -0.119977 -0.142776 -0.158868 -0.163454 -0.154093 -0.175088 -0.181774 -0.177349 -0.178387 -0.168798 -0.115176 -0.113665 -0.117191 -0.110848 -0.116237 
196.825235 -0.234903 -0.197898 -0.200041 -0.192722 -0.186952 -0.193059 -0.219707 -0.199133 -0.165458 -0.166347 -0.157231 -0.169289 -0.144013 -0.128316 -0.122932 -0.117959 -0.092915 0.418786 0.285463 0.359882 0.411700 0.384043 0.469834 0.397772 0.247305 0.487424 0.641303 0.458401 0.344986 0.208900 0.251950 0.340808 0.242121 0.250583 -0.151797 -0.114230 -0.119917 -0.142760 -0.158788 -0.163373 -0.153850 -0.174673 -0.181781 -0.177464 -0.178558 -0.168601 -0.105645 -0.105226 -0.109738 -0.103216 -0.108811 
200.402924 -0.234887 -0.197903 -0.200078 -0.192711 -0.186922 -0.193013 -0.221949 -0.201317 -0.167327 -0.168419 -0.159225 -0.171579 -0.160465 -0.142870 -0.137793 -0.133594 -0.111806 0.419065 0.285910 0.360080 0.411546 0.383923 0.469912 0.404515 0.251276 0.492138 0.650282 0.464173 0.350572 0.238861 0.293119 0.410356 0.289657 0.309669 -0.152033 -0.114603 -0.120079 -0.142918 -0.159012 -0.163591 -0.155137 -0.176013 -0.182021 -0.177546 -0.178297 -0.169130 -0.123947 -0.121545 -0.124564 -0.119257 -0.125760 
198.567827 -0.234891 -0.197898 -0.200062 -0.192712 -0.186941 -0.193041 -0.220913 -0.200054 -0.166328 -0.167390 -0.158245 -0.170565 -0.152149 -0.135643 -0.130846 -0.126476 -0.103254 0.419023 0.285674 0.359998 0.411595 0.383994 0.469921 0.402419 0.249199 0.490191 0.646832 0.461944 0.348220 0.227284 0.274324 0.375684 0.266169 0.282415 -0.151963 -0.114423 -0.120004 -0.142886 -0.158914 -0.163486 -0.154776 -0.175499 -0.182002 -0.177646 -0.178485 -0.168862 -0.112580 -0.111466 -0.115631 -0.110013 -0.116746 
199.384458 -0.234888 -0.197899 -0.200070 -0.192711 -0.186934 -0.193030 -0.221406 -0.200580 -0.166763 -0.167858 -0.158695 -0.171062 -0.155884 -0.138917 -0.134118 -0.129892 -0.107376 0.419036 0.285773 0.360032 0.411571 0.384005 0.469909 0.403759 0.250119 0.491217 0.648704 0.463115 0.349435 0.233741 0.283447 0.391487 0.276934 0.295552 -0.152008 -0.114506 -0.120040 -0.142914 -0.158962 -0.163535 -0.155023 -0.175779 -0.182043 -0.177644 -0.178419 -0.168987 -0.117074 -0.115468 -0.119224 -0.113818 -0.120635 
201.238281 -0.234890 -0.197906 -0.200083 -0.192715 -0.186911 -0.192997 -0.222326 -0.201991 -0.167805 -0.168856 -0.159628 -0.171911 -0.164172 -0.146010 -0.140446 -0.136143 -0.114814 0.419025 0.286035 0.360093 0.411514 0.383919 0.469912 0.404236 0.252181 0.492642 0.650932 0.464683 0.351172 0.239646 0.298972 0.424754 0.299387 0.318766 -0.152023 -0.114676 -0.120106 -0.142892 -0.159043 -0.163632 -0.155059 -0.176098 -0.181934 -0.177380 -0.178164 -0.169237 -0.130756 -0.127537 -0.129734 -0.124352 -0.130243 
200.214798 -0.234871 -0.197895 -0.200085 -0.192696 -0.186938 -0.193031 -0.222078 -0.200669 -0.167011 -0.168318 -0.159162 -0.171879 -0.159301 -0.142151 -0.138439 -0.135014 -0.113841 0.419321 0.285852 0.360159 0.411468 0.384019 0.470048 0.408391 0.250771 0.493431 0.653703 0.466333 0.352031 0.248953 0.297925 0.410763 0.290006 0.317172 -0.152191 -0.114606 -0.120095 -0.143071 -0.159054 -0.163613 -0.156036 -0.176461 -0.182388 -0.178058 -0.178569 -0.169209 -0.116277 -0.114900 -0.119101 -0.114497 -0.122906 
201.788332 -0.234885 -0.197906 -0.200089 -0.192712 -0.186908 -0.192993 -0.222665 -0.202238 -0.168038 -0.169139 -0.159903 -0.172266 -0.166419 -0.148035 -0.142675 -0.138560 -0.117835 0.419111 0.286088 0.360115 0.411500 0.383909 0.469939 0.405628 0.252710 0.493464 0.652625 0.465770 0.352138 0.245264 0.305769 0.435922 0.306902 0.328987 -0.152079 -0.114731 -0.120132 -0.142932 -0.159080 -0.163668 -0.155341 -0.176332 -0.182008 -0.177446 -0.178153 -0.169329 -0.132723 -0.129312 -0.131415 -0.126312 -0.132494 
199.257658 -0.234877 -0.197895 -0.200074 -0.192701 -0.186945 -0.193042 -0.221479 -0.200133 -0.166540 -0.167779 -0.158639 -0.171247 -0.155064 -0.138406 -0.134504 -0.130784 -0.108691 0.419226 0.285756 0.360089 0.411528 0.384027 0.470010 0.406229 0.249727 0.492024 0.650952 0.464551 0.350357 0.239452 0.286049 0.391304 0.276907 0.299972 -0.152111 -0.114508 -0.120050 -0.143015 -0.158988 -0.163549 -0.155611 -0.176060 -0.182276 -0.177979 -0.178598 -0.169032 -0.112014 -0.111069 -0.115607 -0.110691 -0.118789 
197.733049 -0.234896 -0.197898 -0.200052 -0.192716 -0.186947 -0.193050 -0.220356 -0.199591 -0.165906 -0.166898 -0.157768 -0.169979 -0.148286 -0.132192 -0.127180 -0.122548 -0.098483 0.418912 0.285578 0.359939 0.411656 0.384017 0.469892 0.400395 0.248278 0.488924 0.644375 0.460350 0.346760 0.218920 0.263895 0.359042 0.254763 0.267503 -0.151890 -0.114333 -0.119963 -0.142833 -0.158856 -0.163432 -0.154375 -0.175128 -0.181907 -0.177576 -0.178524 -0.168732 -0.108977 -0.108232 -0.112631 -0.106640 -0.112943 
201.138732 -0.234886 -0.197904 -0.200084 -0.192711 -0.186915 -0.193002 -0.222338 -0.201808 -0.167708 -0.168807 -0.159591 -0.171953 -0.163658 -0.145642 -0.140428 -0.136279 -0.115062 0.419100 0.285988 0.360113 0.411503 0.383917 0.469933 0.405168 0.252050 0.492860 0.651545 0.465031 0.351422 0.242603 0.300040 0.424017 0.298872 0.320120 -0.152059 -0.114672 -0.120108 -0.142927 -0.159049 -0.163631 -0.155256 -0.176192 -0.182018 -0.177497 -0.178222 -0.169237 -0.128565 -0.125634 -0.128176 -0.122983 -0.129337 
196.547624 -0.234893 -0.197894 -0.200042 -0.192713 -0.186963 -0.193073 -0.219662 -0.198549 -0.165120 -0.166143 -0.157050 -0.169323 -0.142300 -0.127082 -0.122585 -0.118001 -0.093256 0.418922 0.285393 0.359915 0.411671 0.384099 0.469892 0.399627 0.246628 0.487902 0.642873 0.459388 0.345426 0.211792 0.251708 0.336864 0.239714 0.251360 -0.151885 -0.114212 -0.119915 -0.142847 -0.158797 -0.163370 -0.154340 -0.174845 -0.181965 -0.177760 -0.178715 -0.168578 -0.099898 -0.100195 -0.105613 -0.099662 -0.106501 
197.675129 -0.234887 -0.197894 -0.200055 -0.192708 -0.186955 -0.193059 -0.220435 -0.199240 -0.165736 -0.166846 -0.157732 -0.170135 -0.147767 -0.131931 -0.127647 -0.123399 -0.099728 0.419047 0.285563 0.359986 0.411601 0.384047 0.469930 0.402317 0.247957 0.489605 0.646154 0.461482 0.347464 0.223139 0.265940 0.359295 0.255147 0.271254 -0.151974 -0.114336 -0.119972 -0.142913 -0.158876 -0.163442 -0.154847 -0.175350 -0.182081 -0.177831 -0.178650 -0.168753 -0.105168 -0.104916 -0.109950 -0.104432 -0.111795 
198.068819 -0.234890 -0.197896 -0.200058 -0.192711 -0.186948 -0.193050 -0.220636 -0.199640 -0.166018 -0.167091 -0.157962 -0.170305 -0.149746 -0.133587 -0.128992 -0.124642 -0.101114 0.418984 0.285591 0.359989 0.411610 0.384038 0.469913 0.402153 0.248545 0.489774 0.646227 0.461516 0.347707 0.224576 0.269407 0.366400 0.259897 0.275684 -0.151957 -0.114374 -0.119985 -0.142891 -0.158890 -0.163460 -0.154758 -0.175389 -0.182025 -0.177718 -0.178561 -0.168796 -0.108851 -0.108165 -0.112749 -0.107131 -0.114092 
206.468081 -0.234846 -0.197909 -0.200132 -0.192686 -0.186881 -0.192950 -0.225196 -0.204440 -0.169950 -0.171341 -0.162020 -0.174869 -0.184279 -0.163931 -0.159542 -0.156683 -0.140507 0.419579 0.286568 0.360344 0.411244 0.383830 0.470136 0.414668 0.257054 0.499654 0.664751 0.473833 0.359310 0.284080 0.357615 0.529897 0.369010 0.410620 -0.152468 -0.115154 -0.120331 -0.143191 -0.159363 -0.163968 -0.157193 -0.177933 -0.182465 -0.177796 -0.178029 -0.170148 -0.152014 -0.146672 -0.147355 -0.143945 -0.151164 
