212.302240 -0.234734 -0.198125 -0.198130 -0.192837 -0.186744 -0.192806 -0.227307 -0.207707 -0.170023 -0.174191 -0.163989 -0.176716 -0.204808 -0.181526 -0.175972 -0.172906 -0.161296 0.419609 0.287992 0.362814 0.413016 0.383539 0.470531 0.414617 0.261409 0.506842 0.676698 0.478826 0.363666 0.273837 0.390118 0.628532 0.435158 0.473732 -0.152697 -0.115735 -0.118200 -0.142757 -0.159573 -0.164570 -0.157333 -0.177599 -0.179408 -0.176750 -0.177430 -0.171098 -0.187451 -0.178894 -0.175412 -0.173241 -0.177865 
214.900888 -0.235333 -0.195666 -0.211702 -0.190905 -0.187193 -0.193265 -0.227971 -0.207174 -0.185138 -0.169004 -0.164380 -0.177387 -0.204549 -0.182529 -0.175264 -0.173776 -0.161516 0.419446 0.277251 0.315832 0.394531 0.384171 0.468294 0.416881 0.261969 0.443003 0.636357 0.479815 0.363802 0.272802 0.354097 0.622823 0.434388 0.472947 -0.152026 -0.113060 -0.134557 -0.145312 -0.159591 -0.162360 -0.157309 -0.183099 -0.199219 -0.178641 -0.176624 -0.168882 -0.189633 -0.174073 -0.175889 -0.171160 -0.177996 
204.563086 -0.232565 -0.192530 -0.157963 -0.189230 -0.185031 -0.191974 -0.224885 -0.204023 -0.124313 -0.176471 -0.162289 -0.174570 -0.205031 -0.172245 -0.175741 -0.170607 -0.160670 0.412722 0.261306 0.288133 0.408887 0.381105 0.474138 0.406073 0.244014 0.391091 0.678362 0.471909 0.361283 0.275105 0.420409 0.631557 0.434723 0.473792 -0.152609 -0.105294 -0.087473 -0.137263 -0.159242 -0.168450 -0.156852 -0.162832 -0.146662 -0.167372 -0.178031 -0.175204 -0.182737 -0.183115 -0.173091 -0.176927 -0.177361 
212.517905 -0.234803 -0.198699 -0.198928 -0.193253 -0.186792 -0.192797 -0.227386 -0.207977 -0.171078 -0.174617 -0.164054 -0.176768 -0.204824 -0.181870 -0.176102 -0.172945 -0.161301 0.420075 0.290785 0.370357 0.415515 0.383590 0.470558 0.414888 0.262244 0.518049 0.681326 0.479180 0.363778 0.273841 0.392731 0.629367 0.435285 0.473851 -0.152767 -0.116652 -0.118222 -0.142732 -0.159567 -0.164584 -0.157334 -0.177757 -0.178965 -0.177065 -0.177475 -0.171092 -0.187445 -0.179136 -0.175511 -0.173246 -0.177877 
212.939895 -0.234899 -0.198468 -0.201139 -0.193080 -0.186879 -0.192872 -0.227494 -0.207942 -0.173520 -0.173953 -0.164126 -0.176882 -0.204778 -0.182166 -0.175994 -0.173085 -0.161338 0.420087 0.289863 0.367792 0.413323 0.383719 0.470222 0.415233 0.262646 0.514496 0.676057 0.479374 0.363818 0.273675 0.387605 0.628378 0.435184 0.473729 -0.152691 -0.116454 -0.120796 -0.143203 -0.159568 -0.164237 -0.157346 -0.178681 -0.181916 -0.177441 -0.177361 -0.170755 -0.187799 -0.178528 -0.175586 -0.172935 -0.177899 
206.055512 -0.232988 -0.193170 -0.166580 -0.189560 -0.185374 -0.192195 -0.225351 -0.204586 -0.133746 -0.175414 -0.162592 -0.175013 -0.204968 -0.174188 -0.175563 -0.171112 -0.160827 0.413615 0.264118 0.299395 0.406247 0.381674 0.473294 0.407763 0.247411 0.410378 0.672102 0.473028 0.361701 0.274867 0.409731 0.629002 0.434642 0.473546 -0.152543 -0.106555 -0.094568 -0.138632 -0.159397 -0.167536 -0.157009 -0.166308 -0.155504 -0.169248 -0.177861 -0.174259 -0.183944 -0.181845 -0.173502 -0.176062 -0.177473 
208.942432 -0.233837 -0.196140 -0.181497 -0.191501 -0.186018 -0.192447 -0.226297 -0.206359 -0.150864 -0.175455 -0.163265 -0.175813 -0.204950 -0.177872 -0.175900 -0.171932 -0.161047 0.416856 0.277874 0.334604 0.411868 0.382543 0.472253 0.411126 0.254503 0.463087 0.680179 0.475919 0.362742 0.274528 0.404471 0.629809 0.435019 0.473742 -0.152716 -0.111792 -0.104392 -0.140315 -0.159525 -0.166328 -0.157195 -0.171501 -0.165368 -0.172933 -0.177767 -0.172927 -0.185485 -0.180869 -0.174466 -0.174879 -0.177665 
208.833581 -0.233779 -0.195153 -0.181384 -0.190783 -0.185991 -0.192505 -0.226232 -0.205919 -0.150509 -0.174470 -0.163200 -0.175795 -0.204897 -0.177562 -0.175619 -0.171954 -0.161062 0.416071 0.273269 0.324324 0.406926 0.382578 0.472017 0.410915 0.253595 0.449062 0.670314 0.475517 0.362557 0.274420 0.397630 0.627683 0.434796 0.473489 -0.152562 -0.110236 -0.105773 -0.140640 -0.159547 -0.166118 -0.157204 -0.171781 -0.167793 -0.172657 -0.177641 -0.172755 -0.185708 -0.180210 -0.174347 -0.174706 -0.177661 
214.708564 -0.235335 -0.198896 -0.209486 -0.193402 -0.187244 -0.193073 -0.227990 -0.208374 -0.183131 -0.172784 -0.164484 -0.177337 -0.204665 -0.183713 -0.175953 -0.173590 -0.161457 0.421232 0.292725 0.373875 0.411933 0.384223 0.469152 0.416909 0.265453 0.524465 0.669559 0.480735 0.364174 0.273175 0.377699 0.627311 0.435142 0.473688 -0.152594 -0.117734 -0.128770 -0.144554 -0.159530 -0.163195 -0.157363 -0.181754 -0.189872 -0.179209 -0.177093 -0.169699 -0.188833 -0.177143 -0.176027 -0.171988 -0.177990 
211.064068 -0.234426 -0.197966 -0.191893 -0.192744 -0.186481 -0.192640 -0.226959 -0.207458 -0.162952 -0.175252 -0.163745 -0.176383 -0.204897 -0.180364 -0.176091 -0.172525 -0.161197 0.418952 0.286838 0.359013 0.415323 0.383154 0.471331 0.413419 0.259383 0.500284 0.683759 0.477955 0.363419 0.274181 0.399390 0.630024 0.435236 0.473876 -0.152793 -0.115112 -0.112089 -0.141645 -0.159565 -0.165371 -0.157287 -0.175160 -0.172812 -0.175468 -0.177641 -0.171901 -0.186597 -0.180037 -0.175118 -0.173970 -0.177794 
214.386423 -0.235304 -0.200565 -0.207134 -0.194604 -0.187187 -0.192926 -0.227956 -0.209004 -0.180917 -0.174906 -0.164486 -0.177241 -0.204777 -0.183980 -0.176397 -0.173418 -0.161406 0.422165 0.300461 0.397837 0.421151 0.384065 0.469851 0.416772 0.266669 0.560147 0.688933 0.481074 0.364381 0.273490 0.392260 0.630684 0.435574 0.474120 -0.152878 -0.119990 -0.124178 -0.143700 -0.159535 -0.163853 -0.157355 -0.180476 -0.183797 -0.179214 -0.177401 -0.170298 -0.188212 -0.178798 -0.176086 -0.172561 -0.177978 
212.277046 -0.234699 -0.196990 -0.198547 -0.191990 -0.186727 -0.192878 -0.227266 -0.207232 -0.170237 -0.172953 -0.163935 -0.176719 -0.204754 -0.181170 -0.175680 -0.172955 -0.161316 0.418812 0.282597 0.347654 0.407077 0.383566 0.470239 0.414490 0.260220 0.485078 0.664898 0.478416 0.363491 0.273706 0.381791 0.626409 0.434895 0.473451 -0.152511 -0.114022 -0.120128 -0.143125 -0.159593 -0.164284 -0.157334 -0.178039 -0.182500 -0.176507 -0.177270 -0.170846 -0.187737 -0.177990 -0.175317 -0.172989 -0.177863 
211.542813 -0.234488 -0.195747 -0.195401 -0.191066 -0.186556 -0.192859 -0.227026 -0.206608 -0.166440 -0.172286 -0.163738 -0.176532 -0.204750 -0.180173 -0.175438 -0.172791 -0.161284 0.417653 0.276446 0.331008 0.402247 0.383383 0.470392 0.413661 0.257901 0.461098 0.656843 0.477483 0.363177 0.273784 0.378373 0.625018 0.434643 0.473232 -0.152368 -0.111879 -0.118615 -0.142876 -0.159620 -0.164450 -0.157312 -0.177121 -0.182046 -0.175532 -0.177231 -0.171043 -0.187558 -0.177720 -0.175051 -0.173143 -0.177824 
221.475604 -0.236913 -0.200603 -0.238178 -0.195026 -0.188584 -0.193709 -0.229797 -0.210023 -0.216481 -0.169320 -0.165871 -0.178948 -0.204210 -0.188863 -0.176166 -0.175344 -0.161800 0.425881 0.306225 0.393145 0.411694 0.385781 0.465158 0.422652 0.276174 0.561255 0.655406 0.486217 0.365438 0.271050 0.352279 0.626856 0.435220 0.473872 -0.152302 -0.123448 -0.156897 -0.148844 -0.159077 -0.159461 -0.157169 -0.191668 -0.214863 -0.185412 -0.176095 -0.165935 -0.192018 -0.172629 -0.177661 -0.168666 -0.178270 
212.423402 -0.234726 -0.196492 -0.199507 -0.191605 -0.186747 -0.192929 -0.227294 -0.207052 -0.171238 -0.172252 -0.163941 -0.176760 -0.204724 -0.181126 -0.175546 -0.173024 -0.161337 0.418563 0.280252 0.340299 0.404095 0.383599 0.470004 0.414575 0.259848 0.474820 0.658785 0.478359 0.363447 0.273610 0.376951 0.625429 0.434740 0.473306 -0.152409 -0.113311 -0.121709 -0.143390 -0.159605 -0.164064 -0.157333 -0.178511 -0.184697 -0.176545 -0.177174 -0.170633 -0.187961 -0.177417 -0.175318 -0.172785 -0.177872 
213.211988 -0.234934 -0.197095 -0.203130 -0.192049 -0.186915 -0.192994 -0.227530 -0.207419 -0.175480 -0.172169 -0.164119 -0.176963 -0.204696 -0.181949 -0.175631 -0.173232 -0.161384 0.419352 0.283416 0.348056 0.405506 0.383827 0.469650 0.415384 0.261529 0.486322 0.660044 0.479093 0.363663 0.273431 0.375454 0.625658 0.434826 0.473371 -0.152436 -0.114503 -0.124556 -0.143860 -0.159587 -0.163705 -0.157347 -0.179744 -0.187155 -0.177427 -0.177114 -0.170257 -0.188325 -0.177114 -0.175550 -0.172453 -0.177913 
213.962757 -0.235147 -0.198483 -0.206125 -0.193090 -0.187089 -0.193004 -0.227775 -0.208097 -0.179195 -0.173007 -0.164323 -0.177149 -0.204702 -0.183000 -0.175907 -0.173390 -0.161413 0.420601 0.290377 0.368085 0.411234 0.384002 0.469520 0.416196 0.264034 0.515510 0.669749 0.480094 0.363986 0.273363 0.380018 0.627325 0.435111 0.473637 -0.152596 -0.116843 -0.125853 -0.144072 -0.159552 -0.163570 -0.157359 -0.180581 -0.187229 -0.178426 -0.177172 -0.170087 -0.188467 -0.177526 -0.175824 -0.172330 -0.177952 
206.482330 -0.233120 -0.193743 -0.168794 -0.189936 -0.185469 -0.192223 -0.225497 -0.204912 -0.136291 -0.175552 -0.162697 -0.175131 -0.204976 -0.174766 -0.175651 -0.171228 -0.160858 0.414216 0.266724 0.305498 0.407669 0.381811 0.473191 0.408291 0.248537 0.419239 0.674598 0.473520 0.361870 0.274838 0.409875 0.629421 0.434754 0.473603 -0.152591 -0.107541 -0.095765 -0.138820 -0.159417 -0.167393 -0.157039 -0.167033 -0.156606 -0.169825 -0.177867 -0.174092 -0.184140 -0.181789 -0.173661 -0.175916 -0.177502 
210.415454 -0.234222 -0.196556 -0.189197 -0.191734 -0.186337 -0.192645 -0.226729 -0.206766 -0.159567 -0.174350 -0.163561 -0.176221 -0.204863 -0.179417 -0.175780 -0.172395 -0.161173 0.417725 0.280076 0.341838 0.409624 0.383021 0.471354 0.412632 0.257208 0.475243 0.673332 0.477014 0.363081 0.274189 0.394088 0.628038 0.434956 0.473585 -0.152630 -0.112806 -0.111422 -0.141607 -0.159574 -0.165416 -0.157275 -0.174503 -0.173192 -0.174562 -0.177551 -0.171999 -0.186523 -0.179601 -0.174843 -0.174036 -0.177757 
209.702029 -0.234002 -0.195116 -0.186094 -0.190692 -0.186172 -0.192641 -0.226481 -0.206046 -0.155790 -0.173486 -0.163361 -0.176039 -0.204837 -0.178391 -0.175477 -0.172242 -0.161143 0.416394 0.273152 0.324432 0.403966 0.382860 0.471417 0.411779 0.254826 0.450411 0.663258 0.476040 0.362741 0.274193 0.389278 0.626138 0.434673 0.473309 -0.152456 -0.110379 -0.110406 -0.141479 -0.159591 -0.165509 -0.157250 -0.173676 -0.173296 -0.173559 -0.177476 -0.172140 -0.186401 -0.179209 -0.174553 -0.174137 -0.177716 
212.733023 -0.234337 -0.197897 -0.200212 -0.192606 -0.185873 -0.193237 -0.226441 -0.207646 -0.172335 -0.173473 -0.163260 -0.178645 -0.204314 -0.181855 -0.175681 -0.173271 -0.161301 0.419527 0.287381 0.360604 0.410866 0.379996 0.468149 0.411500 0.261513 0.503567 0.671264 0.477159 0.356608 0.271780 0.385665 0.627926 0.433086 0.473492 -0.153581 -0.115765 -0.120334 -0.143301 -0.159815 -0.165066 -0.157750 -0.178430 -0.181934 -0.177158 -0.178017 -0.172617 -0.187610 -0.178247 -0.175733 -0.171960 -0.177822 
216.385021 -0.237255 -0.198512 -0.200539 -0.195254 -0.190500 -0.220031 -0.228776 -0.207840 -0.173061 -0.175074 -0.164131 -0.206357 -0.204282 -0.182161 -0.175633 -0.181459 -0.161291 0.436248 0.287992 0.361855 0.423968 0.399616 0.565218 0.427470 0.264572 0.504267 0.676106 0.498230 0.439178 0.271147 0.387479 0.634239 0.452388 0.474146 -0.158199 -0.116523 -0.118840 -0.144756 -0.168015 -0.179214 -0.165720 -0.180410 -0.180474 -0.177932 -0.185367 -0.183495 -0.189017 -0.177760 -0.178120 -0.169776 -0.177679 
212.474426 -0.234995 -0.197915 -0.200103 -0.192597 -0.187198 -0.191122 -0.227909 -0.207696 -0.172192 -0.173588 -0.164502 -0.174126 -0.205075 -0.181743 -0.176002 -0.172426 -0.161349 0.418816 0.287050 0.360254 0.410498 0.385107 0.466349 0.416392 0.261756 0.503689 0.672220 0.479081 0.363660 0.275014 0.385372 0.627104 0.435362 0.473698 -0.151723 -0.115398 -0.120711 -0.142997 -0.158957 -0.162924 -0.156637 -0.178329 -0.182241 -0.177003 -0.176473 -0.169020 -0.187804 -0.178429 -0.175195 -0.173702 -0.177935 
212.833959 -0.235531 -0.197995 -0.200114 -0.192929 -0.188161 -0.193895 -0.228620 -0.207735 -0.172241 -0.173819 -0.164969 -0.176422 -0.205300 -0.181752 -0.176098 -0.173224 -0.161364 0.420634 0.287046 0.360317 0.412001 0.389009 0.477067 0.419810 0.262189 0.503818 0.673146 0.482211 0.374888 0.275925 0.385553 0.627748 0.438232 0.473834 -0.151776 -0.115412 -0.120644 -0.143094 -0.159773 -0.164067 -0.157328 -0.178553 -0.182157 -0.177063 -0.176960 -0.169341 -0.188040 -0.178425 -0.175351 -0.173908 -0.177950 
211.663224 -0.234505 -0.197779 -0.200007 -0.192001 -0.186401 -0.184506 -0.227638 -0.207660 -0.172003 -0.173242 -0.164477 -0.166865 -0.205215 -0.181651 -0.176033 -0.170385 -0.161356 0.414952 0.286765 0.359884 0.407586 0.381781 0.445444 0.413747 0.261112 0.503517 0.671260 0.474733 0.347704 0.275783 0.384921 0.625303 0.431764 0.473603 -0.150272 -0.115117 -0.121094 -0.142588 -0.156853 -0.159261 -0.154600 -0.177850 -0.182605 -0.176773 -0.174505 -0.165949 -0.187525 -0.178561 -0.174545 -0.174481 -0.177986 
211.375821 -0.234059 -0.197713 -0.199997 -0.191728 -0.185608 -0.182148 -0.227037 -0.207628 -0.171963 -0.173050 -0.164066 -0.164991 -0.205017 -0.181645 -0.175943 -0.169753 -0.161343 0.413447 0.286763 0.359830 0.406391 0.378557 0.436845 0.410909 0.260747 0.503423 0.670503 0.472127 0.338907 0.274997 0.384805 0.624810 0.429493 0.473496 -0.150245 -0.115105 -0.121141 -0.142510 -0.156157 -0.158286 -0.154036 -0.177662 -0.182669 -0.176721 -0.174123 -0.165763 -0.187330 -0.178560 -0.174426 -0.174290 -0.177972 
214.561886 -0.235569 -0.198192 -0.200405 -0.193905 -0.187734 -0.207149 -0.227161 -0.207722 -0.172730 -0.174218 -0.163378 -0.193616 -0.204106 -0.182036 -0.175600 -0.177462 -0.161285 0.427881 0.287789 0.361323 0.417279 0.387929 0.514467 0.417840 0.262928 0.503909 0.673319 0.486884 0.392351 0.270627 0.386621 0.631373 0.441395 0.473754 -0.156344 -0.116263 -0.119522 -0.144098 -0.164136 -0.172652 -0.161966 -0.179439 -0.181154 -0.177591 -0.182019 -0.178809 -0.188239 -0.177968 -0.177036 -0.170399 -0.177723 
212.533981 -0.234743 -0.197905 -0.200138 -0.192577 -0.186701 -0.191642 -0.227386 -0.207677 -0.172235 -0.173538 -0.164074 -0.175432 -0.204808 -0.181779 -0.175892 -0.172655 -0.161332 0.418923 0.287160 0.360357 0.410536 0.383146 0.466368 0.414563 0.261643 0.503654 0.671883 0.478251 0.360911 0.273864 0.385490 0.627314 0.434453 0.473622 -0.152338 -0.115515 -0.120592 -0.143095 -0.159184 -0.163561 -0.156956 -0.178347 -0.182146 -0.177051 -0.176948 -0.170177 -0.187724 -0.178370 -0.175360 -0.173134 -0.177897 
208.788921 -0.234044 -0.197326 -0.199521 -0.190022 -0.185565 -0.158429 -0.228614 -0.207581 -0.171164 -0.172156 -0.165804 -0.135844 -0.206865 -0.181166 -0.176447 -0.161798 -0.161442 0.400947 0.284942 0.358152 0.397554 0.378419 0.372098 0.411576 0.259245 0.503127 0.668454 0.462639 0.298529 0.283616 0.382868 0.617328 0.422732 0.473673 -0.142009 -0.113485 -0.122880 -0.140546 -0.148153 -0.143233 -0.145893 -0.176056 -0.184228 -0.175619 -0.165341 -0.150054 -0.186879 -0.179227 -0.171446 -0.179177 -0.178311 
209.544733 -0.234150 -0.197454 -0.199653 -0.190558 -0.185828 -0.165662 -0.228411 -0.207608 -0.171392 -0.172466 -0.165513 -0.144287 -0.206422 -0.181299 -0.176361 -0.164209 -0.161421 0.404762 0.285474 0.358633 0.400236 0.379435 0.392088 0.412351 0.259778 0.503218 0.669337 0.466030 0.312641 0.281464 0.383447 0.619650 0.425240 0.473654 -0.144339 -0.113951 -0.122404 -0.141132 -0.150589 -0.147682 -0.148302 -0.176554 -0.183795 -0.175955 -0.167874 -0.154413 -0.187064 -0.179052 -0.172308 -0.177965 -0.178226 
216.050917 -0.236991 -0.198458 -0.200511 -0.195021 -0.190084 -0.217734 -0.228568 -0.207822 -0.172996 -0.174933 -0.164070 -0.203966 -0.204288 -0.182135 -0.175649 -0.180731 -0.161292 0.434768 0.287932 0.361755 0.422770 0.397829 0.556173 0.426018 0.264298 0.504228 0.675696 0.496359 0.431177 0.271200 0.387301 0.633760 0.450560 0.474072 -0.157799 -0.116465 -0.118980 -0.144631 -0.167313 -0.177989 -0.165022 -0.180239 -0.180609 -0.177869 -0.184717 -0.182504 -0.188890 -0.177806 -0.177907 -0.169975 -0.177692 
217.082788 -0.237969 -0.198637 -0.200580 -0.195777 -0.191736 -0.224688 -0.229555 -0.207897 -0.173177 -0.175420 -0.164516 -0.210820 -0.204419 -0.182202 -0.175653 -0.182984 -0.161297 0.439421 0.288035 0.362012 0.426610 0.404890 0.585862 0.431789 0.265258 0.504394 0.677390 0.502831 0.459990 0.271666 0.387798 0.635263 0.457178 0.474317 -0.158756 -0.116584 -0.118597 -0.144979 -0.169418 -0.181520 -0.167081 -0.180773 -0.180227 -0.178045 -0.186546 -0.185064 -0.189346 -0.177690 -0.178508 -0.169693 -0.177671 
209.724702 -0.233859 -0.197468 -0.199713 -0.190620 -0.185321 -0.167469 -0.227806 -0.207595 -0.171478 -0.172473 -0.165021 -0.147104 -0.206017 -0.181363 -0.176233 -0.164944 -0.161397 0.405616 0.285758 0.358823 0.400789 0.377278 0.396229 0.410409 0.259742 0.503183 0.669213 0.465715 0.313682 0.279672 0.383631 0.620365 0.424871 0.473538 -0.145522 -0.114167 -0.122186 -0.141372 -0.151250 -0.149206 -0.149085 -0.176655 -0.183613 -0.176082 -0.168876 -0.156539 -0.186993 -0.178958 -0.172651 -0.177197 -0.178169 
213.230133 -0.234272 -0.197945 -0.200305 -0.192879 -0.185612 -0.197079 -0.225865 -0.207638 -0.172486 -0.173560 -0.162658 -0.183964 -0.203923 -0.181946 -0.175508 -0.174510 -0.161276 0.421509 0.287624 0.360947 0.412311 0.379191 0.477815 0.410448 0.261707 0.503616 0.671179 0.478167 0.359051 0.270056 0.385989 0.629064 0.433506 0.473449 -0.155002 -0.116054 -0.119991 -0.143596 -0.161129 -0.167628 -0.159145 -0.178688 -0.181631 -0.177317 -0.179566 -0.175585 -0.187652 -0.178101 -0.176262 -0.170744 -0.177747 
210.551515 -0.234500 -0.197625 -0.199807 -0.191297 -0.186476 -0.174817 -0.228414 -0.207650 -0.171667 -0.172893 -0.165315 -0.154738 -0.206017 -0.181451 -0.176284 -0.167163 -0.161403 0.409767 0.286066 0.359195 0.403921 0.382018 0.418485 0.414416 0.260539 0.503426 0.670606 0.470997 0.331789 0.279452 0.384125 0.622438 0.429082 0.473676 -0.146894 -0.114467 -0.121837 -0.141799 -0.153612 -0.153063 -0.151252 -0.177198 -0.183271 -0.176338 -0.170874 -0.159376 -0.187359 -0.178852 -0.173321 -0.176620 -0.178133 
211.689792 -0.235028 -0.197815 -0.199961 -0.192130 -0.187377 -0.184585 -0.228573 -0.207697 -0.171957 -0.173373 -0.165195 -0.165757 -0.205674 -0.181603 -0.176212 -0.170265 -0.161386 0.415285 0.286577 0.359762 0.407979 0.385689 0.448014 0.417327 0.261407 0.503628 0.671973 0.476789 0.353755 0.277737 0.384856 0.625187 0.433736 0.473764 -0.149373 -0.114956 -0.121246 -0.142464 -0.156778 -0.158664 -0.154347 -0.177894 -0.182716 -0.176715 -0.173960 -0.164377 -0.187715 -0.178643 -0.174354 -0.175293 -0.178043 
211.980801 -0.234702 -0.197834 -0.200044 -0.192237 -0.186726 -0.187126 -0.227757 -0.207674 -0.172077 -0.173380 -0.164497 -0.169723 -0.205165 -0.181687 -0.176024 -0.171191 -0.161354 0.416463 0.286866 0.360036 0.408781 0.383119 0.453662 0.414835 0.261359 0.503568 0.671671 0.476471 0.354034 0.275513 0.385089 0.625999 0.433194 0.473642 -0.150836 -0.115227 -0.120945 -0.142750 -0.157688 -0.160704 -0.155403 -0.178040 -0.182464 -0.176864 -0.175276 -0.167141 -0.187637 -0.178510 -0.174800 -0.174184 -0.177967 
213.718136 -0.234885 -0.198048 -0.200329 -0.193288 -0.186660 -0.200848 -0.226612 -0.207679 -0.172562 -0.173845 -0.163155 -0.187154 -0.204107 -0.181966 -0.175601 -0.175574 -0.161287 0.423972 0.287646 0.361069 0.414213 0.383423 0.492245 0.414117 0.262231 0.503774 0.672221 0.481979 0.373691 0.270738 0.386202 0.629851 0.436988 0.473601 -0.155280 -0.116086 -0.119862 -0.143759 -0.162218 -0.169346 -0.160114 -0.178975 -0.181488 -0.177408 -0.180321 -0.176328 -0.187914 -0.178077 -0.176490 -0.170894 -0.177755 
211.017758 -0.234103 -0.197668 -0.199928 -0.191513 -0.185727 -0.179058 -0.227386 -0.207629 -0.171850 -0.172955 -0.164422 -0.160946 -0.205313 -0.181576 -0.176044 -0.168719 -0.161360 0.411823 0.286516 0.359594 0.405269 0.378989 0.428691 0.411477 0.260570 0.503363 0.670399 0.471143 0.334887 0.276327 0.384536 0.623851 0.428865 0.473525 -0.149097 -0.114880 -0.121395 -0.142253 -0.155109 -0.156264 -0.152938 -0.177456 -0.182894 -0.176581 -0.172910 -0.163505 -0.187292 -0.178662 -0.174014 -0.175086 -0.178025 
215.122572 -0.235821 -0.198270 -0.200475 -0.194263 -0.188024 -0.211225 -0.227114 -0.207734 -0.172861 -0.174397 -0.163186 -0.198370 -0.203932 -0.182101 -0.175514 -0.178711 -0.161273 0.430271 0.287934 0.361600 0.419106 0.389346 0.527586 0.418823 0.263270 0.503986 0.673724 0.489239 0.400896 0.269825 0.386893 0.632354 0.443326 0.473787 -0.157352 -0.116443 -0.119232 -0.144350 -0.165420 -0.175030 -0.163278 -0.179727 -0.180886 -0.177721 -0.183338 -0.181072 -0.188382 -0.177858 -0.177470 -0.169664 -0.177677 
208.400129 -0.234036 -0.196838 -0.198243 -0.179471 -0.172921 -0.191221 -0.226158 -0.206680 -0.171624 -0.159812 -0.151915 -0.178114 -0.204084 -0.180786 -0.172996 -0.174409 -0.161653 0.415293 0.285076 0.356539 0.402974 0.365251 0.456484 0.413886 0.262663 0.498752 0.622066 0.464965 0.365164 0.270957 0.380374 0.642266 0.442577 0.474021 -0.152317 -0.116599 -0.117000 -0.128636 -0.146871 -0.157560 -0.157482 -0.179992 -0.178669 -0.163987 -0.163611 -0.165460 -0.187605 -0.176155 -0.176820 -0.172529 -0.177989 
206.934874 -0.233808 -0.196421 -0.197812 -0.174541 -0.167994 -0.191065 -0.225874 -0.206310 -0.171529 -0.154610 -0.147888 -0.179160 -0.203909 -0.180371 -0.172157 -0.175256 -0.161798 0.413449 0.284350 0.356403 0.402950 0.361448 0.452168 0.414138 0.263171 0.497652 0.606492 0.464530 0.367788 0.270294 0.378391 0.651552 0.447446 0.474449 -0.152087 -0.117024 -0.115857 -0.122740 -0.141484 -0.154557 -0.157531 -0.180590 -0.177254 -0.158482 -0.157915 -0.163314 -0.187639 -0.175186 -0.177739 -0.172692 -0.178071 
216.249946 -0.235629 -0.198711 -0.203497 -0.201942 -0.198249 -0.196502 -0.228982 -0.208364 -0.173890 -0.182974 -0.175801 -0.179999 -0.205450 -0.182511 -0.179796 -0.174230 -0.161285 0.422865 0.289715 0.372789 0.464602 0.435712 0.483461 0.419652 0.262132 0.512473 0.755077 0.550128 0.376832 0.276209 0.389059 0.647551 0.441700 0.474861 -0.152825 -0.115525 -0.124277 -0.149669 -0.164284 -0.166374 -0.157729 -0.177748 -0.183771 -0.182708 -0.184201 -0.174293 -0.188301 -0.179025 -0.177430 -0.175021 -0.178064 
220.551169 -0.236470 -0.199664 -0.205481 -0.213148 -0.210559 -0.198525 -0.230474 -0.209279 -0.174619 -0.194773 -0.187124 -0.179491 -0.206201 -0.183301 -0.182741 -0.173428 -0.161016 0.426268 0.291574 0.377845 0.479314 0.461786 0.497048 0.421866 0.261501 0.517597 0.814177 0.575327 0.378442 0.279251 0.393782 0.639847 0.437668 0.475038 -0.152782 -0.114600 -0.127435 -0.161757 -0.174670 -0.171557 -0.157571 -0.176309 -0.186491 -0.193405 -0.195477 -0.178716 -0.188578 -0.180723 -0.176924 -0.175798 -0.178019 
212.823702 -0.234975 -0.197900 -0.201811 -0.192328 -0.187779 -0.194895 -0.227866 -0.207610 -0.173256 -0.172899 -0.166302 -0.180406 -0.204881 -0.181791 -0.177344 -0.174950 -0.161506 0.419710 0.288018 0.368575 0.450317 0.413829 0.472431 0.418104 0.262657 0.508133 0.706444 0.528329 0.375743 0.273980 0.385165 0.654073 0.445592 0.474869 -0.152690 -0.116232 -0.121545 -0.139425 -0.155436 -0.161818 -0.157796 -0.178893 -0.181389 -0.173528 -0.174461 -0.170424 -0.188106 -0.177544 -0.177936 -0.174447 -0.178107 
208.509329 -0.234086 -0.196849 -0.198589 -0.179673 -0.173395 -0.191658 -0.226283 -0.206686 -0.171818 -0.159949 -0.152576 -0.178754 -0.204130 -0.180795 -0.173312 -0.174744 -0.161679 0.415344 0.285247 0.358115 0.409267 0.370412 0.457224 0.414520 0.262822 0.499664 0.627988 0.473061 0.367371 0.271133 0.380360 0.646785 0.444468 0.474248 -0.152311 -0.116691 -0.117262 -0.128225 -0.146337 -0.157209 -0.157549 -0.180040 -0.178599 -0.163554 -0.163302 -0.165469 -0.187679 -0.176041 -0.177247 -0.172830 -0.178030 
207.019322 -0.233773 -0.196474 -0.197405 -0.175049 -0.168134 -0.190473 -0.225737 -0.206360 -0.171280 -0.155261 -0.147622 -0.178113 -0.203867 -0.180429 -0.171865 -0.174654 -0.161738 0.413741 0.284252 0.354281 0.394941 0.355511 0.451817 0.413233 0.262866 0.496562 0.601665 0.454242 0.364331 0.270137 0.378705 0.644006 0.444017 0.474048 -0.152147 -0.116838 -0.115680 -0.124243 -0.143101 -0.155548 -0.157445 -0.180434 -0.177586 -0.159985 -0.159291 -0.163668 -0.187524 -0.175503 -0.177004 -0.172238 -0.178000 
231.786425 -0.238809 -0.201906 -0.210982 -0.238250 -0.239050 -0.204301 -0.234786 -0.211491 -0.176780 -0.221363 -0.214935 -0.180158 -0.208230 -0.184991 -0.190804 -0.172770 -0.160457 0.434084 0.296147 0.394976 0.546308 0.555429 0.530908 0.430597 0.260660 0.531693 1.010490 0.684694 0.390460 0.287508 0.405720 0.639212 0.435493 0.476628 -0.152046 -0.112490 -0.135108 -0.187786 -0.196391 -0.181810 -0.157270 -0.172888 -0.192202 -0.216067 -0.219758 -0.188514 -0.189499 -0.184147 -0.177518 -0.178597 -0.178037 
213.577288 -0.234958 -0.198161 -0.200087 -0.195522 -0.189357 -0.192683 -0.227584 -0.207916 -0.172108 -0.176641 -0.165934 -0.175540 -0.204903 -0.181993 -0.176054 -0.172250 -0.161214 0.420404 0.287393 0.358987 0.399726 0.377579 0.472522 0.414392 0.261340 0.503407 0.671521 0.466884 0.360126 0.274292 0.386781 0.617373 0.430925 0.473264 -0.152621 -0.115147 -0.120939 -0.147276 -0.163308 -0.166232 -0.157156 -0.177963 -0.182946 -0.180737 -0.180852 -0.171934 -0.187728 -0.179006 -0.174520 -0.172689 -0.177807 
217.944107 -0.235777 -0.199163 -0.201543 -0.207848 -0.202122 -0.194183 -0.228996 -0.208908 -0.172438 -0.189570 -0.176973 -0.173607 -0.205694 -0.182792 -0.178447 -0.170760 -0.160863 0.423784 0.288977 0.361222 0.387488 0.382355 0.486144 0.415542 0.260368 0.506987 0.704042 0.462195 0.357228 0.277673 0.391938 0.599301 0.423767 0.472999 -0.152499 -0.113866 -0.123918 -0.161645 -0.175846 -0.172453 -0.156752 -0.176240 -0.186071 -0.193322 -0.193580 -0.176614 -0.187929 -0.181090 -0.172849 -0.173130 -0.177687 
217.250157 -0.235792 -0.198949 -0.203503 -0.204837 -0.201072 -0.196449 -0.229219 -0.208608 -0.173788 -0.186092 -0.177946 -0.178830 -0.205609 -0.182700 -0.180074 -0.173475 -0.161167 0.423628 0.289891 0.371632 0.455161 0.432049 0.486232 0.419286 0.261708 0.512457 0.756811 0.539711 0.373675 0.276913 0.390316 0.637698 0.437686 0.474547 -0.152785 -0.115099 -0.124759 -0.153721 -0.168047 -0.168348 -0.157549 -0.177258 -0.184633 -0.186362 -0.187781 -0.175473 -0.188279 -0.179667 -0.176580 -0.174792 -0.177989 
210.001468 -0.234230 -0.197317 -0.197918 -0.185117 -0.177720 -0.190416 -0.226295 -0.207134 -0.171212 -0.165935 -0.155279 -0.175176 -0.204252 -0.181246 -0.173199 -0.172580 -0.161410 0.417219 0.285528 0.352818 0.382080 0.353138 0.460150 0.412104 0.261702 0.497786 0.622344 0.440811 0.356468 0.271732 0.382865 0.619136 0.432503 0.472999 -0.152488 -0.115779 -0.117750 -0.137130 -0.154741 -0.161939 -0.157160 -0.179087 -0.180550 -0.171737 -0.171184 -0.167933 -0.187417 -0.177613 -0.174606 -0.171683 -0.177797 
207.733487 -0.233882 -0.196681 -0.197584 -0.177488 -0.170523 -0.190505 -0.225866 -0.206544 -0.171304 -0.157840 -0.149555 -0.177522 -0.203952 -0.180635 -0.172246 -0.174201 -0.161664 0.414635 0.284608 0.354202 0.393993 0.356538 0.453878 0.413033 0.262613 0.497047 0.608460 0.453307 0.362796 0.270459 0.379663 0.638835 0.441416 0.473811 -0.152260 -0.116615 -0.116223 -0.127229 -0.145823 -0.157066 -0.157409 -0.180131 -0.178295 -0.162761 -0.162144 -0.164728 -0.187500 -0.175998 -0.176499 -0.172130 -0.177955 
210.898341 -0.234539 -0.197459 -0.199949 -0.187026 -0.181366 -0.192898 -0.227024 -0.207231 -0.172363 -0.167561 -0.159750 -0.178659 -0.204512 -0.181376 -0.175186 -0.174290 -0.161529 0.417859 0.286620 0.361704 0.421835 0.386665 0.465185 0.415602 0.262460 0.503201 0.662713 0.490449 0.368595 0.272588 0.383188 0.643246 0.441908 0.474211 -0.152543 -0.116251 -0.119422 -0.135695 -0.152761 -0.160599 -0.157576 -0.179265 -0.180408 -0.170321 -0.170565 -0.168441 -0.187816 -0.177139 -0.176915 -0.173298 -0.178007 
208.483286 -0.234253 -0.196758 -0.200226 -0.178857 -0.173691 -0.193830 -0.226814 -0.206577 -0.172749 -0.158682 -0.154427 -0.182487 -0.204301 -0.180705 -0.174617 -0.176890 -0.161882 0.414863 0.285948 0.366245 0.440158 0.392979 0.459004 0.417806 0.263878 0.503857 0.650620 0.513756 0.379969 0.271743 0.379774 0.674153 0.456836 0.475708 -0.152188 -0.117327 -0.118147 -0.123846 -0.141254 -0.154024 -0.157893 -0.180524 -0.177657 -0.159020 -0.159261 -0.164596 -0.188081 -0.175069 -0.179820 -0.174540 -0.178287 
208.272129 -0.234054 -0.196780 -0.198572 -0.178862 -0.172624 -0.191700 -0.226251 -0.206623 -0.171834 -0.159079 -0.151991 -0.179041 -0.204105 -0.180728 -0.173220 -0.174945 -0.161708 0.415047 0.285162 0.358354 0.410346 0.370605 0.456596 0.414651 0.262943 0.499638 0.626309 0.474378 0.368208 0.271031 0.380041 0.649153 0.445636 0.474364 -0.152274 -0.116780 -0.117109 -0.127143 -0.145320 -0.156635 -0.157571 -0.180152 -0.178345 -0.162536 -0.162273 -0.165104 -0.187696 -0.175856 -0.177475 -0.172907 -0.178051 
216.630664 -0.235708 -0.198796 -0.203765 -0.202934 -0.199394 -0.196780 -0.229130 -0.208441 -0.174008 -0.184000 -0.176930 -0.180148 -0.205518 -0.182587 -0.180138 -0.174261 -0.161271 0.423201 0.289928 0.373664 0.468420 0.439825 0.484741 0.419993 0.262113 0.513181 0.762513 0.555394 0.377614 0.276483 0.389464 0.648286 0.441864 0.474945 -0.152837 -0.115485 -0.124618 -0.150558 -0.164996 -0.166720 -0.157744 -0.177650 -0.183985 -0.183487 -0.185074 -0.174680 -0.188340 -0.179140 -0.177512 -0.175165 -0.178072 
205.259118 -0.233553 -0.195932 -0.197195 -0.168770 -0.162131 -0.190805 -0.225564 -0.205888 -0.171333 -0.148556 -0.143062 -0.180125 -0.203733 -0.179866 -0.171060 -0.176130 -0.161955 0.411177 0.283433 0.355586 0.398538 0.353929 0.447049 0.414276 0.263711 0.495966 0.584854 0.459037 0.370066 0.269656 0.376144 0.660370 0.452703 0.474935 -0.151733 -0.117438 -0.114435 -0.116159 -0.135411 -0.151104 -0.157499 -0.181226 -0.175611 -0.152201 -0.151316 -0.160734 -0.187680 -0.174086 -0.178673 -0.172823 -0.178159 
208.125105 -0.234004 -0.196754 -0.198273 -0.178501 -0.172048 -0.191336 -0.226137 -0.206603 -0.171673 -0.158762 -0.151293 -0.178560 -0.204061 -0.180703 -0.172930 -0.174704 -0.161692 0.414925 0.284991 0.357069 0.405321 0.366343 0.455836 0.414144 0.262821 0.498869 0.620921 0.467847 0.366494 0.270859 0.379951 0.645858 0.444249 0.474191 -0.152271 -0.116724 -0.116851 -0.127242 -0.145550 -0.156811 -0.157520 -0.180137 -0.178348 -0.162678 -0.162308 -0.165016 -0.187637 -0.175912 -0.177163 -0.172664 -0.178020 
205.482031 -0.233513 -0.196039 -0.196691 -0.169844 -0.162749 -0.190000 -0.225381 -0.205983 -0.171023 -0.149845 -0.143027 -0.178664 -0.203670 -0.179987 -0.170762 -0.175252 -0.161863 0.411778 0.283370 0.352847 0.389561 0.347667 0.446941 0.413062 0.263270 0.494693 0.581407 0.447197 0.365294 0.269396 0.376750 0.649799 0.447560 0.474330 -0.151880 -0.117181 -0.114300 -0.118594 -0.138052 -0.152744 -0.157419 -0.180986 -0.176187 -0.154711 -0.153709 -0.161446 -0.187510 -0.174599 -0.177619 -0.172178 -0.178052 
210.569623 -0.223015 -0.188299 -0.199917 -0.192240 -0.186540 -0.192563 -0.216382 -0.197798 -0.174224 -0.173166 -0.163380 -0.178218 -0.201180 -0.181825 -0.175167 -0.173241 -0.161014 0.416933 0.282693 0.361076 0.409173 0.381801 0.467721 0.403138 0.275640 0.506012 0.670315 0.478272 0.364246 0.272431 0.387710 0.626728 0.433157 0.473364 -0.143203 -0.105659 -0.118021 -0.143272 -0.160005 -0.162697 -0.148287 -0.168303 -0.179595 -0.177275 -0.178337 -0.167509 -0.191759 -0.179960 -0.176481 -0.170816 -0.177943 
205.115389 -0.189434 -0.157812 -0.197216 -0.190797 -0.185713 -0.190244 -0.183908 -0.169404 -0.176491 -0.171371 -0.161270 -0.179610 -0.190505 -0.180910 -0.173032 -0.173023 -0.160165 0.345685 0.235117 0.357044 0.403062 0.375567 0.453741 0.332004 0.260102 0.499541 0.662648 0.474426 0.358139 0.267825 0.389795 0.623212 0.427468 0.472465 -0.117528 -0.083131 -0.112994 -0.142934 -0.160177 -0.157116 -0.126430 -0.144093 -0.172640 -0.177432 -0.180382 -0.158493 -0.200864 -0.182483 -0.178863 -0.165440 -0.177991 
207.380272 -0.205459 -0.170496 -0.197485 -0.191383 -0.186056 -0.190471 -0.198531 -0.182836 -0.174178 -0.171986 -0.162105 -0.177724 -0.195607 -0.181133 -0.173993 -0.172832 -0.160594 0.358101 0.243539 0.355704 0.404833 0.377714 0.456141 0.351462 0.254598 0.495996 0.664705 0.475611 0.357152 0.267010 0.385750 0.624732 0.430413 0.472692 -0.129447 -0.093857 -0.115832 -0.143009 -0.159793 -0.158978 -0.137978 -0.158008 -0.176128 -0.177464 -0.179326 -0.162891 -0.196064 -0.180202 -0.177731 -0.168396 -0.177944 
213.218072 -0.235943 -0.200898 -0.201475 -0.192866 -0.186893 -0.193873 -0.229422 -0.209105 -0.173694 -0.173986 -0.164318 -0.178174 -0.205352 -0.182194 -0.176046 -0.173389 -0.161335 0.454833 0.309173 0.364390 0.412255 0.384769 0.475353 0.438763 0.284247 0.511475 0.673987 0.479959 0.368367 0.276312 0.388428 0.628012 0.435152 0.473878 -0.153671 -0.115631 -0.120060 -0.143313 -0.159997 -0.165286 -0.156810 -0.177100 -0.182289 -0.177059 -0.177433 -0.171007 -0.188143 -0.179350 -0.175438 -0.172778 -0.177921 
210.586443 -0.224288 -0.187832 -0.199052 -0.192197 -0.186537 -0.191905 -0.216860 -0.198629 -0.172884 -0.172980 -0.163316 -0.177019 -0.201455 -0.181558 -0.175184 -0.172948 -0.161066 0.394930 0.269371 0.358228 0.408636 0.381364 0.464566 0.389882 0.258773 0.500176 0.669222 0.477754 0.360873 0.270650 0.385212 0.626633 0.433445 0.473238 -0.144116 -0.107278 -0.118781 -0.143153 -0.159648 -0.162241 -0.150299 -0.171198 -0.179922 -0.177280 -0.178092 -0.167940 -0.190810 -0.178925 -0.176339 -0.171344 -0.177910 
205.361379 -0.190965 -0.159443 -0.197470 -0.190869 -0.185755 -0.190482 -0.185460 -0.170652 -0.176592 -0.171478 -0.161382 -0.179732 -0.190978 -0.180992 -0.173131 -0.173085 -0.160198 0.351727 0.239022 0.357629 0.403460 0.375966 0.454959 0.336831 0.262983 0.500805 0.663210 0.474732 0.358974 0.268351 0.390114 0.623401 0.427722 0.472536 -0.118654 -0.083904 -0.113094 -0.142985 -0.160225 -0.157470 -0.127147 -0.144752 -0.172910 -0.177428 -0.180325 -0.158868 -0.200563 -0.182544 -0.178775 -0.165614 -0.177995 
214.692451 -0.244451 -0.206456 -0.200718 -0.193084 -0.187075 -0.193454 -0.236739 -0.215844 -0.171037 -0.174033 -0.164678 -0.176098 -0.207691 -0.181830 -0.176487 -0.172953 -0.161577 0.428509 0.296023 0.361128 0.413077 0.385516 0.473911 0.429305 0.253577 0.503937 0.673970 0.479832 0.364664 0.275961 0.384924 0.628418 0.436560 0.473950 -0.160509 -0.124037 -0.122435 -0.143083 -0.159305 -0.165833 -0.164474 -0.185919 -0.184043 -0.176875 -0.176487 -0.173444 -0.184566 -0.177385 -0.174636 -0.174585 -0.177841 
219.544499 -0.264899 -0.225436 -0.202345 -0.193979 -0.187641 -0.195037 -0.257141 -0.233542 -0.168562 -0.175073 -0.166132 -0.174969 -0.213944 -0.181884 -0.177840 -0.172812 -0.162095 0.452678 0.320892 0.364069 0.418049 0.389898 0.483715 0.465131 0.235510 0.506610 0.678771 0.481612 0.368250 0.282805 0.384860 0.629880 0.439507 0.474807 -0.177885 -0.143893 -0.126586 -0.142714 -0.158706 -0.169576 -0.180004 -0.201370 -0.188250 -0.176191 -0.174491 -0.179120 -0.177376 -0.175627 -0.172637 -0.177964 -0.177725 
210.226031 -0.221922 -0.186179 -0.199162 -0.192125 -0.186487 -0.191955 -0.214801 -0.196705 -0.173461 -0.172937 -0.163208 -0.177475 -0.200761 -0.181606 -0.175053 -0.173034 -0.161001 0.398221 0.270865 0.358845 0.408374 0.381116 0.464655 0.390161 0.264056 0.501576 0.669044 0.477690 0.361529 0.270800 0.386069 0.626490 0.433042 0.473220 -0.142277 -0.105302 -0.118217 -0.143181 -0.159781 -0.162041 -0.148350 -0.168887 -0.179423 -0.177304 -0.178308 -0.167277 -0.191679 -0.179391 -0.176536 -0.170867 -0.177925 
210.541711 -0.222707 -0.188235 -0.200023 -0.192239 -0.186538 -0.192649 -0.216173 -0.197565 -0.174416 -0.173182 -0.163380 -0.178389 -0.201097 -0.181858 -0.175155 -0.173280 -0.161003 0.419587 0.284311 0.361423 0.409216 0.381855 0.468075 0.404541 0.277826 0.506803 0.670425 0.478326 0.364669 0.272623 0.388080 0.626743 0.433096 0.473384 -0.142967 -0.105318 -0.117891 -0.143290 -0.160056 -0.162736 -0.147908 -0.167796 -0.179518 -0.177277 -0.178381 -0.167409 -0.191929 -0.180114 -0.176513 -0.170719 -0.177948 
209.012441 -0.215787 -0.179416 -0.198019 -0.191791 -0.186305 -0.191014 -0.208268 -0.191398 -0.173093 -0.172443 -0.162714 -0.176974 -0.198783 -0.181290 -0.174621 -0.172807 -0.160858 0.371048 0.253021 0.356055 0.406594 0.379457 0.459533 0.367414 0.252334 0.496312 0.666702 0.476611 0.358027 0.268143 0.384594 0.625732 0.432094 0.472926 -0.137368 -0.101126 -0.117566 -0.143071 -0.159621 -0.160528 -0.145005 -0.165856 -0.178227 -0.177394 -0.178627 -0.165668 -0.193052 -0.179199 -0.176975 -0.170110 -0.177919 
207.249216 -0.202509 -0.171128 -0.199087 -0.191407 -0.186069 -0.191942 -0.197003 -0.180346 -0.176827 -0.172238 -0.162197 -0.180183 -0.194641 -0.181533 -0.173888 -0.173414 -0.160467 0.392273 0.265425 0.361083 0.406235 0.378649 0.462783 0.370380 0.280545 0.507843 0.666952 0.476615 0.363894 0.271312 0.391487 0.624829 0.429583 0.472928 -0.127257 -0.090360 -0.114203 -0.143271 -0.160458 -0.159879 -0.133340 -0.151056 -0.175123 -0.177399 -0.179802 -0.161801 -0.197997 -0.182508 -0.178054 -0.167133 -0.178008 
213.531379 -0.237703 -0.202111 -0.201366 -0.192919 -0.186931 -0.193800 -0.230985 -0.210541 -0.173207 -0.174015 -0.164399 -0.177789 -0.205865 -0.182138 -0.176144 -0.173312 -0.161386 0.451105 0.307318 0.363860 0.412435 0.384951 0.475121 0.438068 0.279157 0.510188 0.674026 0.479940 0.367723 0.276288 0.387704 0.628099 0.435453 0.473898 -0.155098 -0.117330 -0.120535 -0.143268 -0.159871 -0.165422 -0.158373 -0.178910 -0.182670 -0.177024 -0.177248 -0.171519 -0.187438 -0.178966 -0.175273 -0.173148 -0.177906 
214.115812 -0.239998 -0.204787 -0.201929 -0.193060 -0.187003 -0.194252 -0.233507 -0.212682 -0.173440 -0.174236 -0.164614 -0.178100 -0.206663 -0.182283 -0.176324 -0.173412 -0.161437 0.465682 0.317033 0.365387 0.413202 0.385669 0.477593 0.449520 0.285621 0.512892 0.675099 0.480431 0.369509 0.277593 0.388562 0.628412 0.435765 0.474040 -0.157019 -0.119004 -0.120763 -0.143297 -0.159964 -0.166081 -0.159633 -0.180018 -0.183149 -0.176972 -0.177116 -0.172121 -0.186929 -0.179101 -0.175087 -0.173417 -0.177909 
215.693859 -0.246596 -0.211489 -0.202919 -0.193403 -0.187192 -0.195059 -0.240331 -0.218649 -0.173290 -0.174708 -0.165140 -0.178249 -0.208858 -0.182492 -0.176799 -0.173505 -0.161598 0.490431 0.334582 0.367787 0.415009 0.387361 0.482320 0.471756 0.292019 0.516716 0.677195 0.481374 0.372266 0.280279 0.389416 0.629036 0.436720 0.474368 -0.162556 -0.124509 -0.121807 -0.143279 -0.159987 -0.167557 -0.164068 -0.184436 -0.184556 -0.176810 -0.176612 -0.173921 -0.185036 -0.178889 -0.174503 -0.174398 -0.177896 
212.475043 -0.233279 -0.197195 -0.200456 -0.192664 -0.186796 -0.193067 -0.226224 -0.206516 -0.172948 -0.173634 -0.164016 -0.177380 -0.204370 -0.181908 -0.175813 -0.173160 -0.161283 0.428378 0.292077 0.361532 0.411057 0.383641 0.471084 0.419381 0.269958 0.506009 0.672212 0.479143 0.364955 0.274133 0.386579 0.627616 0.434809 0.473650 -0.151426 -0.114021 -0.120011 -0.143226 -0.159752 -0.164272 -0.155801 -0.176541 -0.181753 -0.177118 -0.177517 -0.170344 -0.188498 -0.178845 -0.175632 -0.172586 -0.177904 
216.490861 -0.253242 -0.213519 -0.200735 -0.193384 -0.187299 -0.193718 -0.244855 -0.222983 -0.169217 -0.174269 -0.165184 -0.174910 -0.210141 -0.181664 -0.176994 -0.172721 -0.161806 0.419887 0.295308 0.360238 0.414701 0.386969 0.475826 0.431304 0.233784 0.501121 0.675177 0.480234 0.363909 0.277419 0.383465 0.628985 0.437857 0.474178 -0.167743 -0.132620 -0.124452 -0.142919 -0.158851 -0.166999 -0.171502 -0.193257 -0.185756 -0.176627 -0.175588 -0.175862 -0.181216 -0.176155 -0.173814 -0.176167 -0.177778 
216.101518 -0.250092 -0.212428 -0.201669 -0.193390 -0.187241 -0.194208 -0.242748 -0.220976 -0.171020 -0.174469 -0.165148 -0.176341 -0.209576 -0.182025 -0.176904 -0.173067 -0.161715 0.450782 0.311697 0.363483 0.414709 0.387022 0.478237 0.449451 0.259705 0.507791 0.675947 0.480651 0.367365 0.278622 0.385889 0.628967 0.437366 0.474257 -0.165315 -0.128905 -0.123314 -0.143057 -0.159340 -0.167171 -0.168219 -0.189488 -0.185246 -0.176712 -0.176049 -0.174992 -0.182958 -0.177302 -0.174122 -0.175392 -0.177830 
208.916676 -0.211715 -0.180919 -0.200691 -0.191873 -0.186337 -0.193390 -0.206415 -0.188332 -0.177293 -0.172914 -0.162913 -0.180863 -0.197624 -0.182025 -0.174523 -0.173734 -0.160674 0.432667 0.292290 0.364852 0.408789 0.381107 0.470432 0.402258 0.298875 0.515358 0.670355 0.478321 0.368944 0.274370 0.393301 0.626043 0.430996 0.473320 -0.134235 -0.095621 -0.115024 -0.143510 -0.160729 -0.162032 -0.138132 -0.155730 -0.176900 -0.177344 -0.179382 -0.164117 -0.196014 -0.182703 -0.177455 -0.168272 -0.178023 
215.188916 -0.245744 -0.208859 -0.201610 -0.193232 -0.187131 -0.194082 -0.238648 -0.217346 -0.171864 -0.174327 -0.164889 -0.176899 -0.208303 -0.182089 -0.176641 -0.173169 -0.161599 0.452920 0.311149 0.363778 0.413937 0.386313 0.477263 0.446761 0.268118 0.508918 0.675336 0.480436 0.367634 0.277805 0.386614 0.628668 0.436719 0.474126 -0.161715 -0.124704 -0.122307 -0.143144 -0.159551 -0.166576 -0.164701 -0.185744 -0.184356 -0.176834 -0.176491 -0.173774 -0.184590 -0.177915 -0.174537 -0.174597 -0.177860 
209.969643 -0.234828 -0.197918 -0.200152 -0.192679 -0.186852 -0.192911 -0.226639 -0.206214 -0.171294 -0.172717 -0.163296 -0.176215 -0.196245 -0.174423 -0.169676 -0.167091 -0.153669 0.419698 0.286936 0.360443 0.411086 0.383745 0.470257 0.416910 0.259918 0.502667 0.670361 0.477739 0.362699 0.292736 0.382735 0.592267 0.410240 0.457243 -0.152624 -0.115413 -0.120449 -0.143247 -0.159513 -0.164156 -0.157683 -0.178501 -0.182434 -0.177619 -0.177742 -0.170618 -0.170387 -0.163011 -0.161973 -0.159291 -0.165703 
209.915310 -0.234851 -0.197926 -0.200138 -0.192702 -0.186836 -0.192893 -0.226191 -0.206663 -0.171406 -0.172594 -0.163101 -0.175614 -0.196278 -0.174170 -0.167635 -0.164177 -0.149899 0.419401 0.286978 0.360325 0.411205 0.383700 0.470080 0.410688 0.259579 0.500588 0.665931 0.474903 0.360194 0.257547 0.361346 0.575950 0.401276 0.429795 -0.152403 -0.115371 -0.120416 -0.143036 -0.159436 -0.164097 -0.156447 -0.177730 -0.181875 -0.176942 -0.177420 -0.170381 -0.178249 -0.169729 -0.167384 -0.163817 -0.168368 
216.391834 -0.234801 -0.197939 -0.200170 -0.192678 -0.186796 -0.192839 -0.228584 -0.209163 -0.173357 -0.174708 -0.165051 -0.177902 -0.215030 -0.190883 -0.184640 -0.182077 -0.173043 0.419753 0.287523 0.360488 0.410941 0.383596 0.470301 0.416296 0.264213 0.506154 0.676849 0.482432 0.366459 0.265122 0.398238 0.680851 0.471043 0.507334 -0.152779 -0.115786 -0.120616 -0.143212 -0.159700 -0.164426 -0.157668 -0.178777 -0.181956 -0.176848 -0.177012 -0.171148 -0.204089 -0.192948 -0.188769 -0.186940 -0.191216 
211.937647 -0.234813 -0.197921 -0.200163 -0.192672 -0.186840 -0.192892 -0.227424 -0.207066 -0.171958 -0.173427 -0.163956 -0.176970 -0.202410 -0.179881 -0.175168 -0.172855 -0.161008 0.419811 0.287100 0.360490 0.411016 0.383727 0.470326 0.418751 0.261427 0.504504 0.673930 0.480199 0.364779 0.298898 0.397052 0.627761 0.433388 0.484748 -0.152741 -0.115550 -0.120515 -0.143302 -0.159602 -0.164265 -0.158080 -0.178861 -0.182474 -0.177602 -0.177631 -0.170896 -0.179084 -0.170806 -0.169057 -0.166867 -0.173044 
207.682783 -0.234839 -0.197911 -0.200141 -0.192682 -0.186872 -0.192937 -0.225748 -0.205039 -0.170424 -0.171848 -0.162498 -0.175407 -0.188558 -0.167701 -0.163324 -0.160646 -0.145486 0.419629 0.286707 0.360417 0.411172 0.383813 0.470188 0.416035 0.258094 0.500880 0.667128 0.475484 0.360749 0.290196 0.368402 0.553027 0.384170 0.429090 -0.152541 -0.115250 -0.120376 -0.143229 -0.159424 -0.164039 -0.157477 -0.178209 -0.182506 -0.177795 -0.177960 -0.170338 -0.157875 -0.151909 -0.152072 -0.148966 -0.156065 
213.807827 -0.234812 -0.197931 -0.200164 -0.192680 -0.186817 -0.192865 -0.227863 -0.208080 -0.172603 -0.173976 -0.164412 -0.177270 -0.208003 -0.184697 -0.178986 -0.176373 -0.165630 0.419735 0.287297 0.360480 0.411018 0.383680 0.470281 0.416503 0.262597 0.504848 0.674354 0.480603 0.365036 0.279208 0.394489 0.648049 0.448327 0.490575 -0.152714 -0.115646 -0.120553 -0.143222 -0.159629 -0.164323 -0.157667 -0.178689 -0.182143 -0.177144 -0.177293 -0.170959 -0.191574 -0.181791 -0.178719 -0.176566 -0.181560 
214.075083 -0.234810 -0.197931 -0.200165 -0.192677 -0.186816 -0.192864 -0.227970 -0.208171 -0.172680 -0.174064 -0.164496 -0.177377 -0.208754 -0.185373 -0.179717 -0.177161 -0.166644 0.419754 0.287318 0.360478 0.410982 0.383662 0.470292 0.416887 0.262798 0.505144 0.674906 0.480976 0.365352 0.280660 0.396724 0.653015 0.451496 0.494705 -0.152735 -0.115665 -0.120562 -0.143235 -0.159642 -0.164339 -0.157748 -0.178750 -0.182161 -0.177158 -0.177286 -0.170999 -0.192435 -0.182573 -0.179458 -0.177392 -0.182405 
212.995528 -0.234812 -0.197927 -0.200164 -0.192676 -0.186827 -0.192877 -0.227691 -0.207639 -0.172328 -0.173748 -0.164226 -0.177158 -0.205617 -0.182647 -0.177411 -0.174939 -0.163746 0.419788 0.287214 0.360487 0.410994 0.383697 0.470282 0.417633 0.262121 0.504767 0.674295 0.480516 0.364996 0.289494 0.396669 0.640186 0.442344 0.489505 -0.152731 -0.115607 -0.120538 -0.143262 -0.159619 -0.164301 -0.157877 -0.178786 -0.182301 -0.177359 -0.177446 -0.170941 -0.186049 -0.176929 -0.174451 -0.172313 -0.177845 
207.676202 -0.234853 -0.197918 -0.200132 -0.192697 -0.186861 -0.192924 -0.225482 -0.205381 -0.170528 -0.171786 -0.162392 -0.175008 -0.188700 -0.167624 -0.162063 -0.158733 -0.143053 0.419407 0.286738 0.360318 0.411237 0.383780 0.470084 0.411854 0.257975 0.499493 0.664060 0.473482 0.359043 0.270649 0.356428 0.544250 0.379324 0.413861 -0.152392 -0.115224 -0.120355 -0.143086 -0.159372 -0.164001 -0.156638 -0.177700 -0.182129 -0.177331 -0.177726 -0.170184 -0.163422 -0.156626 -0.155901 -0.152274 -0.158028 
209.785683 -0.234851 -0.197926 -0.200137 -0.192702 -0.186837 -0.192894 -0.226146 -0.206600 -0.171360 -0.172548 -0.163060 -0.175572 -0.195859 -0.173801 -0.167292 -0.163827 -0.149453 0.419364 0.286957 0.360311 0.411216 0.383694 0.470085 0.410653 0.259478 0.500498 0.665730 0.474769 0.360080 0.257882 0.360818 0.573976 0.399929 0.428566 -0.152399 -0.115363 -0.120412 -0.143035 -0.159432 -0.164091 -0.156438 -0.177717 -0.181882 -0.176954 -0.177433 -0.170367 -0.177550 -0.169105 -0.166828 -0.163242 -0.167828 
203.290680 -0.234869 -0.197904 -0.200106 -0.192699 -0.186902 -0.192983 -0.223591 -0.202846 -0.168634 -0.169892 -0.160639 -0.173258 -0.172345 -0.153390 -0.148728 -0.145227 -0.126203 0.419321 0.286237 0.360219 0.411377 0.383893 0.470020 0.409867 0.254147 0.495899 0.657547 0.468984 0.354973 0.262444 0.325358 0.467452 0.327899 0.358689 -0.152249 -0.114878 -0.120205 -0.143060 -0.159187 -0.163772 -0.156213 -0.177019 -0.182262 -0.177694 -0.178168 -0.169614 -0.137255 -0.133455 -0.135398 -0.131074 -0.138171 
202.334246 -0.234891 -0.197910 -0.200089 -0.192719 -0.186897 -0.192978 -0.222814 -0.202790 -0.168381 -0.169400 -0.160130 -0.172358 -0.168839 -0.149996 -0.143920 -0.139565 -0.118920 0.418993 0.286174 0.360106 0.411502 0.383867 0.469885 0.404160 0.253246 0.493397 0.652198 0.465559 0.352068 0.240166 0.306270 0.443491 0.312071 0.330950 -0.152029 -0.114771 -0.120145 -0.142872 -0.159088 -0.163689 -0.155037 -0.176232 -0.181846 -0.177210 -0.178018 -0.169382 -0.138966 -0.134768 -0.136003 -0.130608 -0.135879 
208.147954 -0.234846 -0.197916 -0.200138 -0.192690 -0.186861 -0.192924 -0.225780 -0.205488 -0.170669 -0.171994 -0.162604 -0.175339 -0.190256 -0.169068 -0.163919 -0.160864 -0.145777 0.419503 0.286760 0.360367 0.411195 0.383766 0.470151 0.413741 0.258405 0.500408 0.665971 0.474739 0.360126 0.279339 0.364365 0.555762 0.386645 0.425905 -0.152469 -0.115269 -0.120378 -0.143148 -0.159411 -0.164040 -0.157021 -0.177969 -0.182266 -0.177480 -0.177770 -0.170299 -0.163761 -0.157003 -0.156396 -0.153089 -0.159266 
201.092965 -0.234889 -0.197905 -0.200082 -0.192715 -0.186913 -0.193000 -0.222262 -0.201876 -0.167724 -0.168781 -0.159559 -0.171855 -0.163535 -0.145469 -0.139990 -0.135705 -0.114294 0.419058 0.286002 0.360084 0.411517 0.383930 0.469933 0.404305 0.252024 0.492544 0.650825 0.464588 0.351071 0.239597 0.298015 0.422272 0.297708 0.317218 -0.152025 -0.114663 -0.120102 -0.142896 -0.159038 -0.163625 -0.155072 -0.176084 -0.181949 -0.177408 -0.178187 -0.169218 -0.129580 -0.126502 -0.128842 -0.123473 -0.129468 
209.629119 -0.234835 -0.197919 -0.200147 -0.192686 -0.186850 -0.192910 -0.226398 -0.206180 -0.171207 -0.172564 -0.163133 -0.175931 -0.195190 -0.173421 -0.168242 -0.165373 -0.151506 0.419593 0.286904 0.360402 0.411137 0.383752 0.470181 0.415042 0.259598 0.501823 0.668648 0.476551 0.361687 0.283578 0.375212 0.582263 0.404130 0.446202 -0.152550 -0.115379 -0.120430 -0.143184 -0.159477 -0.164121 -0.157304 -0.178244 -0.182284 -0.177449 -0.177671 -0.170504 -0.170832 -0.163317 -0.162095 -0.159152 -0.165145 
209.243899 -0.234844 -0.197921 -0.200140 -0.192693 -0.186849 -0.192907 -0.226121 -0.206142 -0.171109 -0.172391 -0.162950 -0.175613 -0.193991 -0.172281 -0.166600 -0.163425 -0.149013 0.419494 0.286881 0.360375 0.411192 0.383709 0.470137 0.412933 0.259218 0.500846 0.666656 0.475269 0.360566 0.273053 0.366727 0.571222 0.397361 0.433687 -0.152466 -0.115339 -0.120407 -0.143115 -0.159439 -0.164084 -0.156879 -0.177958 -0.182120 -0.177262 -0.177602 -0.170386 -0.171360 -0.163695 -0.162249 -0.158971 -0.164464 
221.837331 -0.234739 -0.197944 -0.200202 -0.192639 -0.186780 -0.192814 -0.230582 -0.210647 -0.174657 -0.176255 -0.166535 -0.179925 -0.228082 -0.202704 -0.197960 -0.196682 -0.191717 0.420278 0.287897 0.360683 0.410677 0.383619 0.470687 0.424828 0.268001 0.511928 0.688199 0.490321 0.373135 0.302431 0.444238 0.781817 0.534158 0.595245 -0.153253 -0.116109 -0.120788 -0.143500 -0.159965 -0.164752 -0.159438 -0.180046 -0.182436 -0.177293 -0.177006 -0.172024 -0.217312 -0.205184 -0.200672 -0.200581 -0.205242 
208.008262 -0.234836 -0.197912 -0.200143 -0.192681 -0.186870 -0.192934 -0.225892 -0.205196 -0.170548 -0.171980 -0.162622 -0.175545 -0.189679 -0.168689 -0.164311 -0.161677 -0.146784 0.419654 0.286731 0.360400 0.411151 0.383806 0.470212 0.416362 0.258362 0.501241 0.667779 0.475903 0.361107 0.291641 0.371138 0.559136 0.388175 0.433923 -0.152559 -0.115275 -0.120389 -0.143237 -0.159438 -0.164058 -0.157548 -0.178278 -0.182514 -0.177792 -0.177941 -0.170388 -0.159447 -0.153314 -0.153338 -0.150310 -0.157368 
218.077286 -0.234820 -0.197951 -0.200159 -0.192702 -0.186766 -0.192807 -0.228488 -0.210191 -0.173871 -0.175003 -0.165191 -0.177714 -0.219287 -0.194472 -0.185951 -0.182869 -0.173863 0.419435 0.287682 0.360378 0.411052 0.383464 0.470148 0.410152 0.264621 0.504891 0.674202 0.480907 0.364886 0.198026 0.366196 0.676149 0.471141 0.470040 -0.152587 -0.115827 -0.120618 -0.142996 -0.159666 -0.164412 -0.156447 -0.177990 -0.181265 -0.175986 -0.176542 -0.170931 -0.219234 -0.206497 -0.200291 -0.197338 -0.200038 
205.541348 -0.234865 -0.197912 -0.200118 -0.192701 -0.186879 -0.192949 -0.224559 -0.204269 -0.169675 -0.170901 -0.161571 -0.174132 -0.181069 -0.160929 -0.155575 -0.152043 -0.134627 0.419327 0.286507 0.360258 0.411325 0.383819 0.470042 0.410301 0.256180 0.497542 0.660425 0.470959 0.356842 0.265524 0.340887 0.506488 0.354114 0.385708 -0.152295 -0.115059 -0.120280 -0.143049 -0.159276 -0.163886 -0.156299 -0.177314 -0.182138 -0.177429 -0.177899 -0.169896 -0.152027 -0.146499 -0.146852 -0.142765 -0.148898 
