163.863389 -0.135930 -0.125743 -0.099132 -0.143621 -0.156876 -0.145322 -0.101702 -0.123655 -0.076982 -0.137289 -0.138215 -0.132865 -0.111420 -0.134960 -0.144589 -0.134174 -0.131559 0.312629 0.222420 0.172744 0.313370 0.412609 0.418487 0.243045 0.255895 0.216701 0.385761 0.367337 0.315657 0.302438 0.372903 0.330473 0.255379 0.387925 -0.092638 -0.056243 -0.035528 -0.087589 -0.115896 -0.129715 -0.086840 -0.092558 -0.094085 -0.131290 -0.121253 -0.099734 -0.111956 -0.137207 -0.106470 -0.088020 -0.138568 
161.852749 -0.130468 -0.121500 -0.101719 -0.140943 -0.154038 -0.149075 -0.093461 -0.118617 -0.080041 -0.132833 -0.134955 -0.136643 -0.102514 -0.130352 -0.137666 -0.130291 -0.123767 0.298007 0.214457 0.176327 0.305505 0.402735 0.429492 0.224795 0.247470 0.222718 0.371840 0.359224 0.320666 0.275873 0.351580 0.310327 0.238179 0.357670 -0.090369 -0.055006 -0.035638 -0.085508 -0.114463 -0.130760 -0.084689 -0.090992 -0.095111 -0.128701 -0.119510 -0.098604 -0.106368 -0.129030 -0.100883 -0.078416 -0.131027 
160.651016 -0.133729 -0.123000 -0.096350 -0.135201 -0.148271 -0.145434 -0.097725 -0.120822 -0.074594 -0.128269 -0.130135 -0.134015 -0.105111 -0.129688 -0.137775 -0.130464 -0.125035 0.305700 0.215487 0.164887 0.285607 0.378621 0.414732 0.233793 0.249320 0.208694 0.353386 0.340801 0.313858 0.281614 0.352075 0.312888 0.243390 0.362627 -0.091538 -0.054973 -0.033411 -0.080280 -0.109351 -0.127798 -0.085589 -0.091885 -0.091533 -0.124015 -0.114874 -0.097097 -0.106767 -0.130309 -0.101819 -0.081318 -0.132252 
161.257899 -0.137968 -0.126113 -0.090517 -0.136962 -0.151008 -0.148028 -0.102090 -0.124132 -0.068533 -0.131545 -0.132334 -0.136107 -0.107787 -0.128834 -0.139250 -0.131511 -0.126268 0.319088 0.220686 0.154541 0.290491 0.390013 0.428813 0.246140 0.254010 0.193492 0.361609 0.348701 0.323802 0.286559 0.352262 0.314248 0.246651 0.366956 -0.094396 -0.055556 -0.031974 -0.081931 -0.111997 -0.131046 -0.088623 -0.092031 -0.087236 -0.125213 -0.117498 -0.100464 -0.106335 -0.131405 -0.101208 -0.082822 -0.132772 
161.531339 -0.134919 -0.123005 -0.095198 -0.133080 -0.146751 -0.148732 -0.098474 -0.121705 -0.072976 -0.126069 -0.129181 -0.138120 -0.110013 -0.133365 -0.141264 -0.135702 -0.130738 0.309635 0.214539 0.159708 0.279649 0.374299 0.426969 0.237421 0.251840 0.207784 0.346059 0.338668 0.324402 0.299196 0.365316 0.327704 0.256879 0.384660 -0.092722 -0.054728 -0.030922 -0.078868 -0.108993 -0.129551 -0.087377 -0.093244 -0.093423 -0.122628 -0.114332 -0.098444 -0.111792 -0.134229 -0.107004 -0.085477 -0.137245 
161.180835 -0.134229 -0.123120 -0.093741 -0.138609 -0.151852 -0.145738 -0.098470 -0.121206 -0.071674 -0.132048 -0.133672 -0.133814 -0.105911 -0.129456 -0.139339 -0.130586 -0.125663 0.306984 0.214195 0.160466 0.297120 0.392947 0.417292 0.235644 0.248685 0.201676 0.364888 0.352843 0.315777 0.283463 0.352972 0.316676 0.245038 0.365074 -0.091514 -0.053966 -0.032893 -0.083772 -0.112117 -0.128675 -0.085801 -0.090664 -0.089771 -0.125783 -0.117296 -0.098365 -0.106832 -0.131566 -0.102381 -0.082755 -0.133033 
161.523789 -0.136590 -0.125210 -0.099104 -0.134553 -0.147950 -0.151167 -0.099166 -0.122793 -0.076613 -0.126712 -0.129886 -0.140008 -0.105438 -0.130962 -0.138089 -0.132600 -0.125527 0.315386 0.221451 0.168867 0.284402 0.379290 0.436607 0.239142 0.254473 0.216459 0.349278 0.341362 0.328795 0.283023 0.354565 0.315402 0.244602 0.364560 -0.094288 -0.057013 -0.033153 -0.079827 -0.110128 -0.131298 -0.088208 -0.094704 -0.095184 -0.123597 -0.115044 -0.099194 -0.107755 -0.130934 -0.103852 -0.081012 -0.133406 
162.888994 -0.139225 -0.128462 -0.099831 -0.144047 -0.157378 -0.147367 -0.104196 -0.125487 -0.076608 -0.136812 -0.138118 -0.134198 -0.106087 -0.129294 -0.138705 -0.129203 -0.123609 0.322721 0.228605 0.174119 0.314940 0.415116 0.426922 0.249324 0.258878 0.217405 0.384385 0.367723 0.320059 0.279157 0.348455 0.308916 0.239211 0.356717 -0.094837 -0.057740 -0.035561 -0.087892 -0.116488 -0.131300 -0.088363 -0.093933 -0.095172 -0.131052 -0.121301 -0.100768 -0.104171 -0.128626 -0.098943 -0.080538 -0.130537 
164.263446 -0.140710 -0.128751 -0.098142 -0.141739 -0.155582 -0.148988 -0.105520 -0.126994 -0.074527 -0.135064 -0.137282 -0.136577 -0.113666 -0.135222 -0.144853 -0.135945 -0.132582 0.327602 0.227700 0.168204 0.307747 0.409054 0.433471 0.253553 0.261510 0.215322 0.377934 0.364801 0.325738 0.306479 0.371457 0.332154 0.257659 0.391658 -0.096347 -0.057534 -0.033196 -0.086224 -0.115736 -0.132535 -0.090009 -0.095497 -0.096741 -0.130007 -0.120661 -0.101820 -0.112050 -0.136567 -0.107287 -0.088258 -0.139190 
161.728609 -0.134941 -0.124526 -0.101523 -0.134794 -0.147952 -0.147922 -0.099636 -0.122001 -0.079404 -0.126745 -0.129902 -0.137316 -0.107541 -0.132749 -0.139081 -0.133572 -0.127575 0.309675 0.221550 0.172949 0.284844 0.377990 0.423444 0.239375 0.255952 0.223801 0.350737 0.340642 0.322125 0.290546 0.360114 0.318998 0.250225 0.372189 -0.092290 -0.056960 -0.033469 -0.079671 -0.109469 -0.128724 -0.087091 -0.094232 -0.097188 -0.124281 -0.114714 -0.097613 -0.109443 -0.131079 -0.103981 -0.082370 -0.134137 
163.996075 -0.133445 -0.125027 -0.110546 -0.140686 -0.152928 -0.149268 -0.097787 -0.121796 -0.089016 -0.131475 -0.134735 -0.137913 -0.108572 -0.136821 -0.142062 -0.135573 -0.130186 0.306822 0.226413 0.195288 0.305159 0.397856 0.428769 0.234568 0.258171 0.247780 0.370238 0.357311 0.322932 0.296785 0.373248 0.328326 0.252543 0.382415 -0.092336 -0.059120 -0.039074 -0.084732 -0.113329 -0.130215 -0.086418 -0.095580 -0.101991 -0.129031 -0.118259 -0.098337 -0.112446 -0.133816 -0.106660 -0.083296 -0.136746 
161.840008 -0.139518 -0.128320 -0.096472 -0.137873 -0.151059 -0.146004 -0.104157 -0.125705 -0.074035 -0.131584 -0.132700 -0.133806 -0.107595 -0.129944 -0.139088 -0.130449 -0.125608 0.323405 0.227673 0.167017 0.293590 0.389392 0.420286 0.249150 0.258051 0.208634 0.364175 0.348378 0.316441 0.285030 0.353831 0.313455 0.243455 0.364601 -0.095311 -0.057873 -0.034428 -0.082269 -0.111511 -0.129873 -0.088500 -0.094313 -0.091793 -0.126384 -0.116943 -0.099353 -0.106066 -0.131242 -0.101354 -0.082609 -0.132776 
163.428482 -0.139611 -0.129875 -0.107113 -0.140855 -0.153313 -0.146237 -0.105358 -0.126335 -0.084618 -0.132787 -0.134699 -0.134275 -0.107852 -0.133137 -0.139831 -0.131425 -0.126165 0.323765 0.235990 0.189424 0.303954 0.397737 0.420098 0.251322 0.264256 0.237549 0.372874 0.354802 0.316920 0.287608 0.360949 0.315860 0.244675 0.366790 -0.095164 -0.060821 -0.038439 -0.084229 -0.112951 -0.129394 -0.088448 -0.096963 -0.099811 -0.129441 -0.118056 -0.098757 -0.107670 -0.131466 -0.102416 -0.082515 -0.133545 
162.333944 -0.135888 -0.124390 -0.094300 -0.139382 -0.153375 -0.147229 -0.100116 -0.122811 -0.071595 -0.133137 -0.134777 -0.134865 -0.109626 -0.131998 -0.141661 -0.133182 -0.129265 0.312911 0.216672 0.160092 0.299440 0.399694 0.425369 0.240409 0.252465 0.205025 0.370027 0.356878 0.319593 0.294756 0.360820 0.321888 0.250593 0.378636 -0.093186 -0.054467 -0.031857 -0.084299 -0.113859 -0.130799 -0.087335 -0.092074 -0.092602 -0.128069 -0.119285 -0.100034 -0.109408 -0.133383 -0.103967 -0.084854 -0.135706 
163.028495 -0.139270 -0.127451 -0.093206 -0.142742 -0.156586 -0.149616 -0.103399 -0.125377 -0.070845 -0.136962 -0.137718 -0.137008 -0.108879 -0.130757 -0.142121 -0.132599 -0.127745 0.323212 0.224010 0.161572 0.310296 0.412871 0.436525 0.249197 0.256017 0.199873 0.381274 0.367081 0.328406 0.290661 0.359381 0.321908 0.249225 0.372920 -0.095247 -0.056361 -0.033929 -0.087198 -0.116419 -0.132783 -0.089228 -0.092620 -0.089045 -0.129226 -0.121274 -0.102238 -0.107870 -0.134417 -0.103696 -0.085140 -0.135228 
160.187496 -0.133178 -0.122747 -0.093084 -0.135211 -0.148409 -0.147500 -0.096406 -0.120369 -0.071741 -0.128658 -0.130238 -0.135956 -0.103739 -0.127896 -0.136828 -0.129941 -0.123679 0.305026 0.214732 0.159101 0.285836 0.380187 0.423064 0.231972 0.248077 0.199420 0.352766 0.342302 0.319207 0.276948 0.347547 0.310022 0.240579 0.357335 -0.091606 -0.054550 -0.032784 -0.080705 -0.109930 -0.129440 -0.085944 -0.090549 -0.087924 -0.123102 -0.115289 -0.098138 -0.105256 -0.129335 -0.100532 -0.079637 -0.130693 
162.310314 -0.134707 -0.124112 -0.097547 -0.137963 -0.151733 -0.151054 -0.097465 -0.121955 -0.075750 -0.131125 -0.132909 -0.139147 -0.107732 -0.132259 -0.140393 -0.134068 -0.128370 0.310995 0.218921 0.167738 0.294779 0.394109 0.439096 0.235890 0.252731 0.212215 0.363955 0.352226 0.328753 0.290913 0.361216 0.319777 0.248885 0.375095 -0.093591 -0.056106 -0.033990 -0.082720 -0.113207 -0.132560 -0.087731 -0.093064 -0.092642 -0.126897 -0.118559 -0.100510 -0.109460 -0.132534 -0.103793 -0.082339 -0.134729 
163.209016 -0.136939 -0.127051 -0.106438 -0.137329 -0.149915 -0.150138 -0.101623 -0.124021 -0.084787 -0.128815 -0.131840 -0.139662 -0.109001 -0.135168 -0.141020 -0.135598 -0.129279 0.316276 0.230075 0.186395 0.293099 0.385707 0.432326 0.244739 0.261391 0.235895 0.358572 0.347266 0.329183 0.296045 0.369293 0.325956 0.254667 0.378899 -0.093983 -0.059876 -0.037411 -0.081484 -0.111043 -0.130097 -0.088460 -0.096529 -0.098698 -0.125826 -0.115943 -0.098847 -0.111342 -0.133431 -0.106121 -0.083782 -0.136047 
161.872715 -0.136368 -0.125857 -0.096504 -0.139946 -0.153559 -0.146967 -0.101090 -0.123189 -0.074200 -0.133446 -0.134539 -0.134652 -0.105733 -0.129642 -0.138760 -0.130042 -0.124690 0.314219 0.222374 0.166088 0.300673 0.399682 0.424202 0.242393 0.254630 0.209237 0.371159 0.355736 0.319043 0.281514 0.352414 0.311137 0.241633 0.361219 -0.093087 -0.056151 -0.033733 -0.084270 -0.113676 -0.130348 -0.087309 -0.092162 -0.092143 -0.128146 -0.119010 -0.099525 -0.105915 -0.130922 -0.100899 -0.081714 -0.132219 
162.037154 -0.133397 -0.122732 -0.095165 -0.140628 -0.154319 -0.145731 -0.098156 -0.120896 -0.072770 -0.134068 -0.135653 -0.133396 -0.107607 -0.131343 -0.140943 -0.131772 -0.127754 0.304983 0.213581 0.162044 0.303788 0.402932 0.418660 0.234991 0.249425 0.206849 0.373518 0.359729 0.315419 0.289758 0.358599 0.319671 0.247737 0.372977 -0.091033 -0.053554 -0.032392 -0.085473 -0.114204 -0.129379 -0.085667 -0.090434 -0.092459 -0.128569 -0.119551 -0.098895 -0.108629 -0.132816 -0.103278 -0.084031 -0.134698 
164.515028 -0.134084 -0.127866 -0.146996 -0.139207 -0.145324 -0.101491 -0.116000 -0.123268 -0.127300 -0.124498 -0.129538 -0.092024 -0.114626 -0.142878 -0.140730 -0.122619 -0.129365 0.288817 0.241553 0.283657 0.298735 0.346921 0.254282 0.254200 0.271858 0.364124 0.363517 0.320162 0.205333 0.311069 0.376644 0.325000 0.253021 0.380418 -0.079865 -0.064002 -0.055993 -0.080487 -0.095252 -0.092639 -0.073877 -0.102585 -0.132966 -0.132371 -0.103731 -0.073487 -0.113566 -0.129316 -0.103077 -0.092229 -0.135883 
163.796298 -0.140126 -0.133367 -0.147001 -0.139236 -0.144971 -0.097825 -0.122644 -0.128046 -0.125721 -0.124277 -0.129472 -0.087943 -0.112316 -0.138681 -0.137148 -0.117143 -0.123433 0.303942 0.254103 0.285095 0.298567 0.343444 0.244757 0.268376 0.279387 0.361977 0.361986 0.317168 0.196673 0.296052 0.360373 0.310404 0.238877 0.357624 -0.082228 -0.066502 -0.056282 -0.080361 -0.093666 -0.091191 -0.075046 -0.105193 -0.134163 -0.131754 -0.102005 -0.072348 -0.107634 -0.125484 -0.098334 -0.088710 -0.131196 
164.417221 -0.139642 -0.133635 -0.147283 -0.138407 -0.143201 -0.091607 -0.123127 -0.128632 -0.126370 -0.124056 -0.128887 -0.082058 -0.116716 -0.142601 -0.140967 -0.118173 -0.128567 0.301528 0.254561 0.286451 0.295959 0.335055 0.228097 0.266364 0.280061 0.364608 0.361484 0.312762 0.183075 0.311899 0.376630 0.324008 0.245763 0.377772 -0.081537 -0.066452 -0.056782 -0.079745 -0.091123 -0.088161 -0.073325 -0.105126 -0.134921 -0.131769 -0.100385 -0.069798 -0.112055 -0.131342 -0.102981 -0.094548 -0.136724 
165.798162 -0.137867 -0.131936 -0.146406 -0.142129 -0.148518 -0.102788 -0.118349 -0.127186 -0.125381 -0.127755 -0.133311 -0.092563 -0.116201 -0.144264 -0.143340 -0.123305 -0.130819 0.301461 0.250198 0.283964 0.309817 0.359209 0.261168 0.259527 0.276795 0.360472 0.373442 0.331427 0.207788 0.314110 0.382799 0.332452 0.251971 0.386308 -0.083584 -0.065656 -0.056310 -0.083783 -0.097815 -0.096013 -0.075480 -0.104503 -0.133624 -0.133876 -0.105658 -0.075514 -0.114383 -0.133207 -0.105950 -0.093970 -0.138786 
164.420173 -0.137304 -0.131496 -0.146913 -0.141442 -0.146878 -0.091042 -0.120936 -0.126489 -0.125797 -0.126910 -0.132178 -0.081119 -0.115421 -0.141813 -0.141015 -0.117087 -0.127610 0.294709 0.248941 0.285495 0.306557 0.347421 0.226429 0.260393 0.275782 0.362527 0.370378 0.323700 0.181644 0.308116 0.374071 0.323807 0.243716 0.374074 -0.079774 -0.064843 -0.056735 -0.082835 -0.093287 -0.087858 -0.071910 -0.102781 -0.134209 -0.132934 -0.102347 -0.069783 -0.111054 -0.130447 -0.102038 -0.093835 -0.135632 
163.306515 -0.131981 -0.126719 -0.145754 -0.138971 -0.145102 -0.102911 -0.111576 -0.121444 -0.125694 -0.123979 -0.129324 -0.093043 -0.108859 -0.139164 -0.137070 -0.119498 -0.124155 0.285578 0.238548 0.279547 0.298972 0.347462 0.259813 0.243132 0.266677 0.358791 0.361533 0.320252 0.206508 0.291086 0.362400 0.311873 0.238490 0.360266 -0.080524 -0.063225 -0.054963 -0.080860 -0.095746 -0.094897 -0.072847 -0.101124 -0.131877 -0.131815 -0.103881 -0.073925 -0.108801 -0.125706 -0.099598 -0.086239 -0.131601 
165.219592 -0.137801 -0.132312 -0.148632 -0.142055 -0.146562 -0.087377 -0.122490 -0.127648 -0.127753 -0.127982 -0.131875 -0.077379 -0.119045 -0.144150 -0.143000 -0.117920 -0.130892 0.294632 0.250856 0.292360 0.307902 0.344811 0.216971 0.262670 0.278220 0.369634 0.375615 0.321627 0.174206 0.319719 0.382561 0.328448 0.249115 0.386742 -0.079280 -0.065260 -0.058885 -0.082942 -0.092390 -0.085836 -0.071308 -0.103753 -0.135568 -0.134955 -0.102366 -0.068623 -0.113403 -0.132156 -0.102786 -0.096976 -0.137849 
164.570866 -0.137435 -0.130799 -0.144899 -0.140100 -0.146435 -0.101536 -0.119177 -0.126062 -0.124173 -0.125806 -0.130838 -0.091735 -0.114688 -0.141911 -0.140724 -0.121453 -0.128215 0.298130 0.247546 0.278882 0.301602 0.350775 0.255743 0.261858 0.275661 0.356060 0.366244 0.323510 0.205690 0.308521 0.374475 0.323766 0.249835 0.376088 -0.081726 -0.065019 -0.055086 -0.081358 -0.095913 -0.093631 -0.075144 -0.103454 -0.131962 -0.132301 -0.104066 -0.074257 -0.112200 -0.129976 -0.102855 -0.092292 -0.135693 
164.065713 -0.134420 -0.128882 -0.147462 -0.139553 -0.144486 -0.091602 -0.117912 -0.124300 -0.127309 -0.125102 -0.129473 -0.081966 -0.115370 -0.142326 -0.140533 -0.118408 -0.128594 0.286505 0.242666 0.287065 0.299585 0.339688 0.226859 0.253482 0.271893 0.365733 0.365605 0.316194 0.182694 0.310355 0.375131 0.322686 0.247048 0.377658 -0.078230 -0.063700 -0.057476 -0.080747 -0.092141 -0.087155 -0.071051 -0.102304 -0.133659 -0.132698 -0.101658 -0.069330 -0.112242 -0.129438 -0.101704 -0.093591 -0.135510 
164.516622 -0.137268 -0.130967 -0.145346 -0.139479 -0.144834 -0.091141 -0.121533 -0.126681 -0.124732 -0.125440 -0.130352 -0.081683 -0.118391 -0.143830 -0.142891 -0.119568 -0.131009 0.293292 0.246908 0.281444 0.299037 0.340150 0.225571 0.262630 0.275994 0.358459 0.364524 0.317870 0.182627 0.320320 0.383100 0.332468 0.253264 0.387471 -0.079020 -0.064409 -0.056221 -0.080687 -0.091867 -0.086800 -0.072282 -0.103031 -0.132438 -0.131421 -0.101123 -0.069445 -0.114474 -0.132913 -0.104836 -0.097407 -0.138528 
163.133661 -0.137974 -0.131480 -0.144232 -0.137426 -0.143187 -0.098754 -0.119536 -0.126499 -0.123203 -0.122886 -0.127938 -0.089079 -0.112040 -0.138500 -0.137051 -0.118109 -0.124174 0.298871 0.248518 0.276938 0.292592 0.338059 0.247469 0.261225 0.275337 0.353285 0.356452 0.313029 0.198703 0.296351 0.360664 0.311527 0.240235 0.360235 -0.081871 -0.065172 -0.054681 -0.078906 -0.092915 -0.091848 -0.074530 -0.104030 -0.131535 -0.130210 -0.101305 -0.072606 -0.108056 -0.125269 -0.098684 -0.088404 -0.131339 
163.814918 -0.134270 -0.128103 -0.145872 -0.140518 -0.145609 -0.085223 -0.119682 -0.124023 -0.125142 -0.126314 -0.130748 -0.075566 -0.116481 -0.142247 -0.141397 -0.115758 -0.128732 0.281687 0.238437 0.282084 0.302323 0.340086 0.208657 0.254351 0.269353 0.360013 0.368566 0.318111 0.168818 0.313631 0.375776 0.325186 0.246794 0.378738 -0.075250 -0.061965 -0.056219 -0.081639 -0.090871 -0.082445 -0.068885 -0.100696 -0.133600 -0.132847 -0.100996 -0.066213 -0.112673 -0.131108 -0.102365 -0.096648 -0.136635 
164.242062 -0.139163 -0.133265 -0.148708 -0.141902 -0.147240 -0.095788 -0.121371 -0.127891 -0.127263 -0.126934 -0.131554 -0.085329 -0.111981 -0.138827 -0.137447 -0.116083 -0.123252 0.301299 0.253394 0.292225 0.307874 0.350780 0.240021 0.263366 0.277886 0.367347 0.371919 0.323411 0.191395 0.294151 0.360319 0.309199 0.235785 0.356810 -0.081913 -0.066168 -0.058706 -0.082881 -0.094847 -0.090867 -0.073725 -0.104974 -0.135018 -0.134092 -0.103456 -0.071974 -0.107034 -0.125224 -0.097376 -0.088237 -0.130832 
163.827537 -0.133900 -0.128277 -0.151067 -0.143537 -0.148023 -0.080700 -0.120455 -0.123687 -0.130276 -0.128332 -0.132469 -0.070713 -0.114033 -0.140018 -0.138721 -0.111544 -0.124673 0.278295 0.239751 0.298974 0.312580 0.345493 0.196354 0.253206 0.269518 0.376551 0.377733 0.322465 0.158469 0.302351 0.364461 0.313107 0.236914 0.362772 -0.073460 -0.062261 -0.060566 -0.084120 -0.090900 -0.079332 -0.066952 -0.100934 -0.137006 -0.135429 -0.101566 -0.063956 -0.108752 -0.126399 -0.097307 -0.093218 -0.132111 
163.037631 -0.133708 -0.128363 -0.147166 -0.140674 -0.145020 -0.082800 -0.118743 -0.123873 -0.126245 -0.126172 -0.130033 -0.072954 -0.113593 -0.139372 -0.138231 -0.112596 -0.124886 0.280232 0.239091 0.287172 0.302930 0.336986 0.202868 0.250342 0.268469 0.363786 0.369164 0.315238 0.163127 0.300717 0.363555 0.312503 0.236694 0.363411 -0.075195 -0.062068 -0.057908 -0.081706 -0.089907 -0.081514 -0.067717 -0.100855 -0.134044 -0.133328 -0.100387 -0.065204 -0.108447 -0.126364 -0.097603 -0.092279 -0.132132 
166.395084 -0.136561 -0.130997 -0.149674 -0.145313 -0.152251 -0.111833 -0.115191 -0.125222 -0.129264 -0.130330 -0.135296 -0.101059 -0.111415 -0.142770 -0.140870 -0.123806 -0.127153 0.301630 0.251282 0.293560 0.320892 0.377193 0.289422 0.255862 0.276247 0.371494 0.384158 0.342232 0.227926 0.300035 0.375722 0.320474 0.245298 0.371707 -0.084749 -0.066558 -0.058406 -0.086434 -0.102988 -0.102009 -0.077083 -0.103977 -0.134716 -0.137238 -0.110120 -0.079470 -0.111716 -0.130260 -0.102831 -0.088251 -0.135269 
162.776310 -0.132647 -0.126818 -0.143699 -0.139996 -0.144729 -0.083099 -0.117861 -0.122547 -0.122939 -0.126252 -0.129817 -0.073438 -0.113638 -0.140193 -0.139469 -0.112960 -0.125948 0.276863 0.234766 0.276402 0.300059 0.336402 0.203339 0.248488 0.265103 0.353124 0.367575 0.314905 0.163820 0.303924 0.369815 0.317367 0.239559 0.368205 -0.074092 -0.060855 -0.055309 -0.081064 -0.089937 -0.081379 -0.067342 -0.098716 -0.131457 -0.132494 -0.100465 -0.065038 -0.110293 -0.130270 -0.100448 -0.094790 -0.134772 
162.763553 -0.132291 -0.126802 -0.148539 -0.141236 -0.145207 -0.079622 -0.118775 -0.122202 -0.128129 -0.126587 -0.129794 -0.069940 -0.112535 -0.138929 -0.137351 -0.110441 -0.123517 0.273792 0.236015 0.291335 0.303925 0.335749 0.193320 0.248722 0.266041 0.369195 0.371048 0.314054 0.156101 0.298251 0.362251 0.308677 0.234346 0.358538 -0.072486 -0.061381 -0.059060 -0.081745 -0.089032 -0.078401 -0.066050 -0.099392 -0.134490 -0.134004 -0.100115 -0.063026 -0.107954 -0.126170 -0.096554 -0.092487 -0.131337 
163.949348 -0.134157 -0.128410 -0.146936 -0.137632 -0.143200 -0.097715 -0.116268 -0.123541 -0.127231 -0.122825 -0.128244 -0.088493 -0.114237 -0.142421 -0.140157 -0.120898 -0.128647 0.288709 0.243011 0.283220 0.293840 0.338025 0.243733 0.252778 0.272075 0.364048 0.357603 0.314204 0.196324 0.308750 0.375399 0.324154 0.249087 0.377813 -0.079840 -0.064266 -0.055783 -0.079281 -0.092833 -0.090780 -0.072855 -0.102566 -0.133141 -0.130833 -0.101550 -0.071600 -0.112771 -0.129402 -0.103013 -0.092135 -0.135665 
164.248355 -0.138434 -0.131754 -0.143886 -0.141889 -0.147696 -0.095046 -0.121864 -0.127039 -0.122546 -0.128172 -0.132020 -0.084802 -0.115003 -0.140589 -0.140201 -0.117709 -0.126699 0.297771 0.248638 0.278252 0.306527 0.352188 0.237570 0.265319 0.276174 0.352675 0.373592 0.325151 0.191126 0.306336 0.371005 0.318864 0.244960 0.370315 -0.080156 -0.064652 -0.055707 -0.082614 -0.095068 -0.089878 -0.073570 -0.102530 -0.131200 -0.133631 -0.103976 -0.071929 -0.110201 -0.129399 -0.100421 -0.092970 -0.134370 
158.659752 -0.135011 -0.127069 -0.138082 -0.097577 -0.105007 -0.146963 -0.100869 -0.121125 -0.124374 -0.079916 -0.093685 -0.145431 -0.103716 -0.138214 -0.127225 -0.138978 -0.125379 0.303902 0.248037 0.242675 0.183719 0.229910 0.384674 0.239763 0.277412 0.339440 0.221354 0.219559 0.313370 0.288785 0.360108 0.318857 0.260050 0.364949 -0.090757 -0.070159 -0.040570 -0.049865 -0.074906 -0.111624 -0.086208 -0.110814 -0.122129 -0.095592 -0.079446 -0.080502 -0.114630 -0.121837 -0.112206 -0.075605 -0.132333 
157.996425 -0.131339 -0.123585 -0.134881 -0.091733 -0.098780 -0.145427 -0.097251 -0.118356 -0.122677 -0.074606 -0.088392 -0.145245 -0.106277 -0.141010 -0.128844 -0.142568 -0.130202 0.292197 0.239291 0.232710 0.169158 0.212400 0.375300 0.231105 0.272282 0.331640 0.205811 0.204482 0.309393 0.302186 0.373983 0.330982 0.273173 0.384264 -0.088016 -0.068138 -0.037999 -0.045891 -0.070574 -0.108815 -0.084276 -0.108835 -0.119022 -0.090926 -0.075277 -0.078146 -0.119574 -0.126299 -0.118233 -0.080032 -0.137058 
160.412636 -0.139507 -0.131327 -0.138282 -0.096610 -0.104538 -0.147120 -0.105834 -0.125565 -0.124583 -0.079662 -0.093310 -0.145784 -0.110102 -0.143279 -0.131982 -0.143300 -0.131907 0.318043 0.258934 0.244632 0.180875 0.228920 0.388431 0.251686 0.285967 0.342149 0.222369 0.218390 0.314674 0.309579 0.381666 0.335196 0.272335 0.390678 -0.094132 -0.072947 -0.041130 -0.048784 -0.074943 -0.113494 -0.088745 -0.114074 -0.123558 -0.096780 -0.079652 -0.081681 -0.120452 -0.129456 -0.118676 -0.082037 -0.139466 
156.500877 -0.133210 -0.125528 -0.135982 -0.081018 -0.087730 -0.148063 -0.097687 -0.119582 -0.125415 -0.063543 -0.078478 -0.148995 -0.103637 -0.138840 -0.123723 -0.141663 -0.126968 0.296575 0.246451 0.233538 0.144631 0.183436 0.377510 0.232637 0.276947 0.337861 0.178226 0.176818 0.312249 0.293480 0.365370 0.318765 0.266490 0.371885 -0.088995 -0.070559 -0.037007 -0.039036 -0.063382 -0.107455 -0.085086 -0.111482 -0.119082 -0.083624 -0.067455 -0.075881 -0.117718 -0.123446 -0.117604 -0.076247 -0.134622 
159.906771 -0.136578 -0.128947 -0.138067 -0.098524 -0.105791 -0.144657 -0.103656 -0.123212 -0.124393 -0.081515 -0.094693 -0.143360 -0.108945 -0.142435 -0.131608 -0.142173 -0.131052 0.308771 0.253192 0.245010 0.185561 0.231971 0.378880 0.245685 0.281850 0.340290 0.225813 0.222025 0.308986 0.306565 0.379322 0.334309 0.271806 0.387286 -0.091724 -0.071351 -0.042048 -0.050169 -0.075309 -0.111531 -0.086813 -0.111594 -0.121725 -0.096819 -0.080125 -0.080698 -0.119379 -0.128035 -0.117210 -0.081409 -0.137900 
156.897102 -0.136411 -0.128158 -0.135227 -0.079327 -0.087044 -0.147310 -0.101387 -0.122455 -0.124490 -0.062316 -0.077426 -0.148178 -0.106869 -0.139798 -0.124683 -0.142637 -0.128940 0.306348 0.252394 0.231667 0.140416 0.181447 0.378063 0.241902 0.282370 0.336830 0.177306 0.174349 0.311381 0.300897 0.367964 0.320251 0.269931 0.379071 -0.091359 -0.072082 -0.036186 -0.037459 -0.063029 -0.108442 -0.087044 -0.114088 -0.120127 -0.084442 -0.067328 -0.076347 -0.118520 -0.123693 -0.117314 -0.077468 -0.135512 
157.546321 -0.135657 -0.127084 -0.134099 -0.084187 -0.091445 -0.149128 -0.100315 -0.121851 -0.122381 -0.067115 -0.081739 -0.149611 -0.107146 -0.140504 -0.126762 -0.143765 -0.129961 0.303856 0.248344 0.230253 0.151558 0.193314 0.384691 0.240049 0.279386 0.330653 0.186992 0.186011 0.317834 0.303408 0.372302 0.327321 0.274401 0.383380 -0.090737 -0.070822 -0.036846 -0.040909 -0.066125 -0.109409 -0.086950 -0.112710 -0.118732 -0.086070 -0.070280 -0.078070 -0.119707 -0.125844 -0.119288 -0.079431 -0.137091 
159.626905 -0.138012 -0.130721 -0.138032 -0.096694 -0.105540 -0.148108 -0.102770 -0.124365 -0.124330 -0.080165 -0.092856 -0.145718 -0.105633 -0.140495 -0.128654 -0.139588 -0.127437 0.316174 0.257457 0.245204 0.179617 0.232160 0.395800 0.244455 0.282464 0.341760 0.226698 0.219162 0.313678 0.293810 0.370249 0.317247 0.256373 0.372798 -0.094677 -0.072743 -0.041964 -0.047795 -0.076220 -0.116057 -0.088221 -0.113310 -0.122912 -0.099520 -0.081596 -0.082207 -0.116311 -0.126112 -0.112808 -0.076409 -0.135242 
158.467342 -0.133296 -0.125651 -0.136310 -0.093140 -0.100762 -0.147491 -0.098295 -0.120096 -0.123645 -0.075959 -0.089703 -0.146522 -0.105641 -0.140458 -0.128391 -0.141677 -0.128895 0.299465 0.244576 0.237430 0.172325 0.218437 0.385277 0.234217 0.275423 0.336043 0.211497 0.208974 0.313183 0.297848 0.370438 0.325712 0.266788 0.378769 -0.090250 -0.069610 -0.039261 -0.046585 -0.072401 -0.111554 -0.085687 -0.110556 -0.120630 -0.093416 -0.077182 -0.079693 -0.118057 -0.125156 -0.115912 -0.077836 -0.135754 
157.041223 -0.133899 -0.125771 -0.134638 -0.084797 -0.091840 -0.143983 -0.099325 -0.120433 -0.122982 -0.067729 -0.082117 -0.144388 -0.105032 -0.139833 -0.126131 -0.140965 -0.128248 0.298114 0.244533 0.231591 0.152857 0.193359 0.367847 0.234986 0.275161 0.332645 0.188950 0.186147 0.303178 0.297509 0.369905 0.324106 0.267698 0.377145 -0.089252 -0.069669 -0.037253 -0.041153 -0.065665 -0.107036 -0.084779 -0.111353 -0.119416 -0.086788 -0.070060 -0.075938 -0.118892 -0.126381 -0.118906 -0.079453 -0.136918 
156.573139 -0.129144 -0.122875 -0.139978 -0.086230 -0.093999 -0.143722 -0.093801 -0.116390 -0.129523 -0.068442 -0.082720 -0.143196 -0.099827 -0.137712 -0.122772 -0.137252 -0.123806 0.288020 0.240149 0.244022 0.155442 0.198903 0.369941 0.221536 0.270090 0.351683 0.196224 0.189726 0.298083 0.280831 0.356981 0.306800 0.250745 0.359262 -0.088022 -0.069113 -0.039561 -0.041292 -0.067297 -0.108571 -0.082549 -0.109732 -0.122976 -0.091150 -0.072572 -0.075238 -0.114571 -0.120609 -0.111527 -0.071949 -0.131429 
158.313272 -0.133700 -0.126296 -0.135337 -0.095208 -0.103390 -0.143900 -0.099018 -0.120557 -0.121965 -0.078656 -0.091477 -0.142074 -0.103743 -0.139457 -0.127931 -0.138302 -0.126679 0.301134 0.244709 0.236332 0.176388 0.225306 0.377308 0.233846 0.273476 0.332945 0.220226 0.214100 0.302620 0.290785 0.367506 0.318754 0.256953 0.370480 -0.090697 -0.069262 -0.039630 -0.047298 -0.074022 -0.111791 -0.084938 -0.109958 -0.120842 -0.096655 -0.079239 -0.079323 -0.116382 -0.126196 -0.114072 -0.077373 -0.135322 
158.390834 -0.139424 -0.130741 -0.134947 -0.088256 -0.095737 -0.152161 -0.103665 -0.124812 -0.122014 -0.071192 -0.085599 -0.151802 -0.106201 -0.139598 -0.126801 -0.142480 -0.127789 0.316521 0.257820 0.233918 0.161128 0.205599 0.398654 0.248503 0.284992 0.331911 0.197485 0.196912 0.325890 0.297566 0.368936 0.323380 0.267190 0.374787 -0.093714 -0.072993 -0.037913 -0.043633 -0.069543 -0.112916 -0.089216 -0.114116 -0.120046 -0.089066 -0.073510 -0.080867 -0.117642 -0.125612 -0.117327 -0.077782 -0.135849 
157.350047 -0.136231 -0.128309 -0.136930 -0.084144 -0.091088 -0.146280 -0.101595 -0.122305 -0.125426 -0.066751 -0.081608 -0.146688 -0.105801 -0.139380 -0.125316 -0.141287 -0.127711 0.305978 0.252971 0.236857 0.151815 0.191917 0.375090 0.241356 0.282017 0.340411 0.187339 0.184871 0.308613 0.296942 0.366148 0.320821 0.266044 0.374394 -0.091121 -0.071993 -0.037756 -0.040996 -0.065444 -0.108387 -0.086532 -0.113278 -0.121235 -0.086674 -0.069746 -0.076956 -0.117398 -0.123444 -0.116526 -0.077051 -0.134782 
158.302984 -0.137552 -0.129257 -0.135098 -0.090597 -0.098711 -0.150540 -0.101987 -0.123430 -0.122007 -0.073666 -0.087580 -0.149528 -0.105799 -0.139003 -0.126710 -0.141326 -0.127324 0.312130 0.253662 0.234841 0.165930 0.213348 0.396533 0.244479 0.281997 0.332110 0.205653 0.203353 0.321550 0.295026 0.365032 0.319147 0.263896 0.372326 -0.093140 -0.071960 -0.038560 -0.044645 -0.071518 -0.113505 -0.088432 -0.113128 -0.120080 -0.092067 -0.075997 -0.081025 -0.116215 -0.123351 -0.113901 -0.076057 -0.133939 
161.228895 -0.136101 -0.129126 -0.140158 -0.101266 -0.109855 -0.149540 -0.101116 -0.123131 -0.126616 -0.084398 -0.097179 -0.147083 -0.108970 -0.144313 -0.133091 -0.143565 -0.132443 0.311164 0.254081 0.251002 0.191868 0.245188 0.401247 0.241145 0.281656 0.348303 0.237975 0.231991 0.318765 0.307586 0.384788 0.333628 0.268259 0.392385 -0.093668 -0.071921 -0.043448 -0.051564 -0.079388 -0.117010 -0.087788 -0.112366 -0.124161 -0.102068 -0.084723 -0.083512 -0.120638 -0.129841 -0.117131 -0.080179 -0.139412 
157.516437 -0.135068 -0.127596 -0.140552 -0.087211 -0.094324 -0.147613 -0.099809 -0.121180 -0.128977 -0.069060 -0.084022 -0.147305 -0.102485 -0.137980 -0.123840 -0.139262 -0.124589 0.303578 0.252022 0.247018 0.158880 0.200248 0.380947 0.237222 0.279957 0.351070 0.194794 0.191823 0.310783 0.286403 0.358426 0.313057 0.257571 0.362233 -0.091006 -0.072009 -0.040470 -0.042814 -0.067586 -0.109583 -0.086088 -0.113203 -0.123217 -0.089284 -0.071943 -0.077464 -0.115018 -0.120804 -0.113311 -0.073633 -0.132010 
156.607483 -0.136071 -0.127934 -0.135140 -0.086755 -0.094709 -0.146719 -0.100691 -0.121831 -0.122575 -0.069590 -0.083755 -0.145944 -0.101381 -0.135547 -0.122365 -0.136984 -0.122376 0.306329 0.250193 0.233662 0.156759 0.201404 0.380914 0.239507 0.278080 0.332946 0.195643 0.191868 0.309278 0.280601 0.350947 0.304886 0.252100 0.353684 -0.091545 -0.071119 -0.037816 -0.041913 -0.068126 -0.110314 -0.086541 -0.112451 -0.120084 -0.089573 -0.072575 -0.077948 -0.112535 -0.119438 -0.110237 -0.072475 -0.129950 
158.585226 -0.132103 -0.125139 -0.140832 -0.100117 -0.107466 -0.145516 -0.097916 -0.118736 -0.127487 -0.082045 -0.095519 -0.143509 -0.100564 -0.137545 -0.126271 -0.136785 -0.123131 0.296218 0.244228 0.250743 0.189849 0.236529 0.380635 0.231517 0.272897 0.348223 0.228452 0.225033 0.307792 0.280398 0.356909 0.313442 0.252494 0.356594 -0.089211 -0.069305 -0.042982 -0.051378 -0.076347 -0.111323 -0.084231 -0.109117 -0.123124 -0.097886 -0.081107 -0.079726 -0.113231 -0.121073 -0.110430 -0.073535 -0.130867 
157.859636 -0.136404 -0.128368 -0.139942 -0.088271 -0.095434 -0.147998 -0.101295 -0.122285 -0.127853 -0.070171 -0.085089 -0.147668 -0.103275 -0.138432 -0.124736 -0.139857 -0.125200 0.306662 0.252934 0.246325 0.161384 0.203065 0.382773 0.241029 0.280621 0.348138 0.196844 0.194432 0.313382 0.288993 0.360835 0.316379 0.260759 0.364837 -0.091513 -0.072119 -0.040731 -0.043510 -0.068270 -0.109740 -0.086794 -0.113834 -0.122882 -0.089498 -0.072458 -0.078037 -0.115876 -0.122196 -0.114689 -0.075321 -0.133192 
162.956924 -0.078074 -0.079864 -0.144911 -0.140749 -0.151926 -0.147219 -0.041705 -0.074427 -0.134996 -0.123399 -0.130756 -0.137371 -0.084265 -0.144541 -0.136806 -0.136128 -0.128903 0.161867 0.141048 0.263540 0.310209 0.392922 0.399364 0.113196 0.169634 0.361467 0.362861 0.352849 0.297972 0.266564 0.384594 0.324283 0.242125 0.379250 -0.058362 -0.042086 -0.051289 -0.084977 -0.112064 -0.118550 -0.058274 -0.071087 -0.120737 -0.133832 -0.119060 -0.082040 -0.122059 -0.132085 -0.111875 -0.070535 -0.136881 
163.232606 -0.068323 -0.071624 -0.144659 -0.143106 -0.154221 -0.144093 -0.031484 -0.068457 -0.134706 -0.125813 -0.132569 -0.133903 -0.084253 -0.146116 -0.138925 -0.137016 -0.131964 0.142815 0.124623 0.263568 0.318167 0.401670 0.387125 0.095135 0.157064 0.359538 0.372322 0.359844 0.288140 0.271856 0.388588 0.330733 0.246779 0.391359 -0.054321 -0.038294 -0.052555 -0.087325 -0.113619 -0.116050 -0.053925 -0.068207 -0.120484 -0.136396 -0.121027 -0.080126 -0.125763 -0.132986 -0.113443 -0.072496 -0.139147 
163.700491 -0.073517 -0.075787 -0.149732 -0.142565 -0.153568 -0.145625 -0.037391 -0.070941 -0.140472 -0.124397 -0.131786 -0.135547 -0.083946 -0.146076 -0.137629 -0.136556 -0.130280 0.152354 0.133740 0.275648 0.316822 0.399162 0.392860 0.104800 0.163366 0.378200 0.369367 0.356774 0.292332 0.268320 0.386859 0.325755 0.243513 0.384624 -0.056176 -0.040708 -0.054051 -0.086617 -0.113225 -0.117138 -0.055897 -0.070033 -0.124534 -0.136674 -0.120489 -0.080748 -0.123835 -0.132055 -0.112380 -0.070862 -0.137848 
162.213409 -0.077086 -0.079101 -0.142581 -0.144455 -0.155782 -0.145223 -0.039367 -0.075129 -0.130380 -0.127025 -0.133954 -0.133718 -0.081538 -0.139715 -0.133705 -0.131233 -0.123602 0.161610 0.137853 0.258735 0.322960 0.408278 0.393980 0.109470 0.170396 0.349941 0.375197 0.363707 0.290091 0.252797 0.361924 0.309223 0.229215 0.358272 -0.059035 -0.041036 -0.050709 -0.088684 -0.114895 -0.118538 -0.057715 -0.072013 -0.120478 -0.136619 -0.121494 -0.082233 -0.116442 -0.124905 -0.105289 -0.066383 -0.131018 
161.292628 -0.076518 -0.078420 -0.144361 -0.138962 -0.149904 -0.145708 -0.039438 -0.073514 -0.133940 -0.121026 -0.128627 -0.135823 -0.080649 -0.140126 -0.132354 -0.132404 -0.123680 0.159075 0.138127 0.261705 0.303955 0.384109 0.392259 0.109143 0.168198 0.357779 0.355199 0.345363 0.292684 0.252468 0.364254 0.310007 0.232136 0.358733 -0.057915 -0.041600 -0.050983 -0.083322 -0.110057 -0.116755 -0.057352 -0.071410 -0.120203 -0.132043 -0.117049 -0.080473 -0.117100 -0.125041 -0.106395 -0.065821 -0.131065 
163.964535 -0.087336 -0.088043 -0.150708 -0.143150 -0.154215 -0.150076 -0.050616 -0.081913 -0.139514 -0.124639 -0.132674 -0.139686 -0.084985 -0.142610 -0.134642 -0.134431 -0.125043 0.183893 0.158943 0.280500 0.318844 0.402081 0.412350 0.130564 0.188302 0.379773 0.368920 0.358643 0.306176 0.260184 0.372065 0.313656 0.234817 0.363676 -0.064157 -0.046833 -0.054322 -0.086934 -0.113943 -0.121404 -0.062879 -0.077669 -0.126268 -0.135947 -0.120158 -0.084488 -0.117353 -0.126822 -0.107245 -0.067170 -0.132557 
162.081412 -0.073298 -0.075607 -0.141509 -0.139051 -0.150056 -0.142919 -0.036471 -0.071860 -0.131151 -0.122043 -0.129346 -0.133137 -0.084847 -0.144414 -0.137305 -0.135812 -0.130332 0.152717 0.131518 0.253374 0.304288 0.384850 0.382873 0.103649 0.163992 0.349317 0.358245 0.347315 0.285455 0.269579 0.383053 0.327063 0.243785 0.384857 -0.056536 -0.039712 -0.049112 -0.083723 -0.110169 -0.115691 -0.055908 -0.070116 -0.119200 -0.132787 -0.117626 -0.079816 -0.123475 -0.131624 -0.112367 -0.071940 -0.137732 
162.164371 -0.076008 -0.077950 -0.146485 -0.138906 -0.149959 -0.147511 -0.038647 -0.073005 -0.136726 -0.120746 -0.128617 -0.137820 -0.081881 -0.142776 -0.134298 -0.134806 -0.126468 0.158180 0.137744 0.266549 0.304016 0.384877 0.398915 0.108067 0.167809 0.366100 0.355350 0.345930 0.296999 0.259045 0.374370 0.317181 0.237065 0.369657 -0.057861 -0.041707 -0.051764 -0.083261 -0.110472 -0.117860 -0.057384 -0.071551 -0.121885 -0.132645 -0.117548 -0.080859 -0.120112 -0.128265 -0.109676 -0.067529 -0.134218 
163.495649 -0.083896 -0.085088 -0.142787 -0.142514 -0.153659 -0.145000 -0.046917 -0.081048 -0.130509 -0.125857 -0.132424 -0.134279 -0.088883 -0.143908 -0.137677 -0.135545 -0.129610 0.177202 0.150265 0.260160 0.315859 0.399640 0.395195 0.123798 0.184309 0.352577 0.371516 0.356964 0.292469 0.272790 0.379782 0.322172 0.241991 0.381250 -0.063003 -0.044251 -0.050686 -0.086660 -0.113411 -0.119382 -0.061337 -0.076523 -0.121530 -0.136293 -0.120314 -0.083469 -0.120952 -0.129730 -0.109188 -0.071844 -0.136079 
162.125349 -0.072608 -0.075235 -0.143532 -0.145292 -0.156837 -0.145660 -0.036001 -0.070082 -0.132798 -0.127780 -0.134366 -0.133793 -0.078926 -0.139822 -0.133183 -0.130902 -0.123211 0.149833 0.130659 0.260117 0.326178 0.413355 0.394748 0.102306 0.158579 0.354723 0.378405 0.366647 0.289760 0.249082 0.364059 0.307264 0.227358 0.357004 -0.055303 -0.039046 -0.051028 -0.089496 -0.116055 -0.118537 -0.055310 -0.067208 -0.119979 -0.137731 -0.122876 -0.081719 -0.116710 -0.125900 -0.105228 -0.065108 -0.130810 
161.720315 -0.070678 -0.073475 -0.141637 -0.138942 -0.149969 -0.143547 -0.034310 -0.068864 -0.132198 -0.121939 -0.129027 -0.133653 -0.082497 -0.143890 -0.136375 -0.135269 -0.129338 0.145854 0.127784 0.253900 0.303986 0.384866 0.384192 0.099193 0.156772 0.350457 0.357677 0.347133 0.286027 0.264880 0.382898 0.324638 0.241289 0.381097 -0.054349 -0.038721 -0.049624 -0.083611 -0.110238 -0.115711 -0.054470 -0.067118 -0.117888 -0.132476 -0.117804 -0.079407 -0.123004 -0.131844 -0.111975 -0.070414 -0.136961 
162.832981 -0.078601 -0.080166 -0.147720 -0.141314 -0.152553 -0.147099 -0.042015 -0.074674 -0.137654 -0.123330 -0.130497 -0.136894 -0.082101 -0.142847 -0.134454 -0.133856 -0.125757 0.163289 0.141957 0.270273 0.312124 0.395354 0.399614 0.113552 0.170940 0.370737 0.364866 0.352276 0.296859 0.258049 0.374656 0.313649 0.234997 0.366991 -0.058821 -0.042477 -0.052361 -0.085318 -0.112692 -0.118586 -0.058271 -0.072040 -0.123570 -0.135623 -0.119731 -0.081901 -0.119165 -0.128883 -0.108836 -0.067857 -0.134081 
161.373570 -0.066165 -0.069379 -0.143520 -0.138888 -0.150050 -0.143882 -0.029029 -0.065347 -0.134450 -0.121090 -0.128548 -0.133803 -0.079154 -0.143116 -0.134876 -0.134005 -0.127543 0.137091 0.120007 0.256624 0.303971 0.385276 0.384334 0.089958 0.149852 0.356347 0.356547 0.346485 0.284762 0.257454 0.376619 0.319639 0.236444 0.374316 -0.052416 -0.036963 -0.049877 -0.083577 -0.110433 -0.115233 -0.052254 -0.065609 -0.119712 -0.133092 -0.118104 -0.078322 -0.122192 -0.130246 -0.111533 -0.068302 -0.135974 
163.530618 -0.072802 -0.075523 -0.147136 -0.145233 -0.156793 -0.149570 -0.033334 -0.072865 -0.135562 -0.126771 -0.134417 -0.138237 -0.082772 -0.142876 -0.135837 -0.135089 -0.127314 0.154783 0.131895 0.269651 0.326060 0.413474 0.409426 0.100839 0.167871 0.364992 0.376999 0.367478 0.299664 0.260778 0.369872 0.317491 0.235866 0.372308 -0.058473 -0.040216 -0.053048 -0.089404 -0.116440 -0.120604 -0.056962 -0.072840 -0.123962 -0.138197 -0.123006 -0.082740 -0.120656 -0.126202 -0.108414 -0.066962 -0.134004 
163.228093 -0.080042 -0.081839 -0.145888 -0.144371 -0.155323 -0.144923 -0.043027 -0.077423 -0.134153 -0.126900 -0.133845 -0.134044 -0.083410 -0.142640 -0.135867 -0.132907 -0.125897 0.167879 0.144412 0.268896 0.322616 0.405753 0.392850 0.115442 0.176104 0.362248 0.375215 0.362100 0.291011 0.259622 0.374120 0.316902 0.234412 0.367551 -0.060432 -0.042968 -0.053161 -0.088324 -0.114267 -0.118183 -0.058747 -0.073901 -0.122609 -0.136782 -0.120909 -0.082286 -0.118900 -0.129214 -0.108936 -0.069415 -0.134489 
165.863465 -0.087786 -0.088324 -0.145980 -0.146168 -0.157630 -0.148833 -0.051476 -0.083589 -0.133960 -0.129499 -0.136381 -0.138368 -0.092129 -0.148245 -0.142062 -0.139428 -0.133790 0.185538 0.157711 0.269502 0.328970 0.416549 0.410802 0.132820 0.190225 0.364113 0.383552 0.370943 0.305885 0.285389 0.398475 0.336217 0.252202 0.398128 -0.064740 -0.046053 -0.052519 -0.089894 -0.116876 -0.122045 -0.063574 -0.077737 -0.123935 -0.138714 -0.123214 -0.086183 -0.125196 -0.136101 -0.114590 -0.076317 -0.141316 
163.931948 -0.083831 -0.084943 -0.149525 -0.141614 -0.153014 -0.152508 -0.046024 -0.079302 -0.138999 -0.123157 -0.131295 -0.142240 -0.085734 -0.143853 -0.135511 -0.136843 -0.127607 0.176402 0.152511 0.275839 0.313623 0.398363 0.420994 0.123277 0.182993 0.376364 0.364391 0.355638 0.310997 0.265502 0.376810 0.318141 0.239102 0.373286 -0.062763 -0.045437 -0.053186 -0.085679 -0.113674 -0.122671 -0.062069 -0.076366 -0.125090 -0.135265 -0.120144 -0.084570 -0.119930 -0.127634 -0.108750 -0.067308 -0.134102 
161.931681 -0.076154 -0.078266 -0.143076 -0.140476 -0.151709 -0.145644 -0.038354 -0.074247 -0.131959 -0.123006 -0.130000 -0.135043 -0.082736 -0.141278 -0.134039 -0.133307 -0.125837 0.159621 0.137013 0.258583 0.309042 0.392027 0.394401 0.108000 0.169669 0.353350 0.362681 0.350515 0.291189 0.258419 0.368121 0.312660 0.233931 0.366775 -0.058640 -0.041200 -0.050330 -0.084871 -0.111976 -0.118106 -0.057602 -0.072210 -0.120503 -0.134510 -0.119098 -0.081305 -0.118737 -0.126275 -0.107088 -0.067245 -0.132780 
162.642032 -0.081888 -0.083287 -0.143404 -0.140759 -0.151407 -0.141907 -0.045785 -0.079060 -0.131700 -0.123832 -0.130740 -0.131890 -0.086809 -0.143280 -0.136636 -0.134129 -0.128226 0.171717 0.147027 0.261520 0.309756 0.389204 0.381425 0.120165 0.179878 0.354733 0.364194 0.350021 0.285178 0.268123 0.377876 0.321475 0.240648 0.376318 -0.061166 -0.043563 -0.051179 -0.084953 -0.110775 -0.116083 -0.059522 -0.075102 -0.121148 -0.134080 -0.117847 -0.081201 -0.120339 -0.129662 -0.109534 -0.071816 -0.135614 
163.465231 -0.082489 -0.083632 -0.145718 -0.143956 -0.155258 -0.147728 -0.045167 -0.078932 -0.133955 -0.126418 -0.133597 -0.137106 -0.084106 -0.142752 -0.135872 -0.133954 -0.126052 0.173265 0.148034 0.267451 0.321145 0.406188 0.403759 0.120302 0.179695 0.361793 0.373388 0.361991 0.299730 0.260959 0.374465 0.316985 0.236072 0.368026 -0.061751 -0.043822 -0.052239 -0.087857 -0.114661 -0.119903 -0.060420 -0.074953 -0.122847 -0.136487 -0.121116 -0.083659 -0.118909 -0.129179 -0.109086 -0.069316 -0.134532 
160.593288 -0.135617 -0.129888 -0.146156 -0.146296 -0.157132 -0.151401 -0.097213 -0.119370 -0.122017 -0.125930 -0.132870 -0.135380 -0.069034 -0.107087 -0.103728 -0.101511 -0.081178 0.312788 0.249764 0.279234 0.326898 0.411159 0.431104 0.229152 0.262988 0.346983 0.371705 0.354407 0.312473 0.169379 0.243168 0.202754 0.154410 0.212656 -0.093369 -0.067321 -0.053655 -0.088238 -0.115037 -0.128687 -0.084041 -0.102742 -0.129189 -0.135776 -0.118124 -0.093627 -0.073681 -0.086486 -0.066029 -0.040880 -0.090578 
159.893792 -0.140385 -0.133858 -0.145714 -0.144625 -0.155094 -0.150889 -0.101983 -0.122839 -0.120021 -0.123468 -0.131201 -0.134235 -0.069371 -0.102320 -0.099699 -0.099015 -0.078536 0.327069 0.259235 0.278683 0.321430 0.402252 0.428340 0.241202 0.270030 0.342960 0.364114 0.348845 0.311648 0.163692 0.224763 0.191022 0.149627 0.201195 -0.096587 -0.069753 -0.053520 -0.086827 -0.112921 -0.128277 -0.086460 -0.106041 -0.129081 -0.133402 -0.115849 -0.094022 -0.068801 -0.077706 -0.059569 -0.036979 -0.084528 
160.801042 -0.133179 -0.128388 -0.150209 -0.148266 -0.158664 -0.150116 -0.095290 -0.117742 -0.126343 -0.126725 -0.133831 -0.133383 -0.070023 -0.105917 -0.102391 -0.101414 -0.081599 0.306082 0.247756 0.291662 0.334446 0.416919 0.425205 0.224614 0.262658 0.360223 0.378021 0.359217 0.307778 0.168812 0.234951 0.197854 0.153823 0.210538 -0.092102 -0.067153 -0.056828 -0.090159 -0.115869 -0.127710 -0.082803 -0.102790 -0.131243 -0.137533 -0.119089 -0.092911 -0.071827 -0.080700 -0.061886 -0.038039 -0.087475 
158.285758 -0.136727 -0.130815 -0.148876 -0.139952 -0.150035 -0.149334 -0.097860 -0.119331 -0.124460 -0.117526 -0.125827 -0.133411 -0.063957 -0.099229 -0.094827 -0.095522 -0.073707 0.315344 0.253464 0.285260 0.305341 0.380918 0.418603 0.230921 0.264984 0.354265 0.346540 0.330422 0.305292 0.152748 0.214717 0.180128 0.141245 0.187808 -0.094062 -0.068985 -0.054471 -0.082340 -0.108524 -0.125264 -0.084205 -0.105368 -0.130539 -0.130454 -0.111732 -0.090711 -0.066592 -0.074392 -0.057168 -0.033703 -0.080752 
158.493925 -0.132849 -0.127413 -0.146582 -0.142702 -0.153187 -0.151693 -0.093058 -0.116376 -0.122600 -0.120926 -0.128795 -0.135446 -0.062796 -0.100427 -0.096391 -0.096360 -0.074219 0.304562 0.244293 0.279135 0.314808 0.394753 0.428288 0.220321 0.257970 0.346957 0.355840 0.341977 0.310708 0.152789 0.220060 0.184648 0.142260 0.190570 -0.091888 -0.066462 -0.053592 -0.085100 -0.111614 -0.127059 -0.082635 -0.101890 -0.128037 -0.131885 -0.114691 -0.091703 -0.067922 -0.077293 -0.059433 -0.034469 -0.082474 
158.869504 -0.141740 -0.135140 -0.144800 -0.140518 -0.150675 -0.149835 -0.103328 -0.123717 -0.119338 -0.119444 -0.127396 -0.133677 -0.067354 -0.100860 -0.097569 -0.097018 -0.076019 0.330854 0.263029 0.275389 0.307039 0.384164 0.422839 0.243803 0.271740 0.340522 0.349568 0.334314 0.307960 0.159229 0.221893 0.186724 0.145339 0.194965 -0.097295 -0.070844 -0.052508 -0.082951 -0.109238 -0.127104 -0.086821 -0.106774 -0.128347 -0.130068 -0.112250 -0.092665 -0.067824 -0.077602 -0.059223 -0.036252 -0.083349 
159.245830 -0.134401 -0.128631 -0.149350 -0.144514 -0.155261 -0.153794 -0.094356 -0.117407 -0.124607 -0.121790 -0.130202 -0.137023 -0.063843 -0.099515 -0.095773 -0.096750 -0.074388 0.309765 0.247779 0.286311 0.321674 0.403501 0.437253 0.224595 0.261419 0.354557 0.361311 0.348467 0.316958 0.152971 0.214478 0.181791 0.142401 0.189192 -0.093281 -0.067489 -0.054647 -0.086849 -0.113482 -0.128557 -0.084018 -0.103760 -0.130756 -0.133718 -0.116364 -0.093146 -0.066805 -0.073897 -0.057218 -0.033028 -0.080820 
158.935348 -0.134521 -0.129007 -0.148482 -0.146803 -0.157869 -0.154925 -0.092907 -0.117077 -0.122954 -0.123851 -0.131128 -0.136363 -0.058017 -0.095202 -0.091216 -0.091402 -0.068087 0.310890 0.247954 0.285261 0.329222 0.414919 0.444286 0.221253 0.258650 0.350695 0.369409 0.353565 0.316287 0.139469 0.203790 0.169077 0.130387 0.172739 -0.093796 -0.067246 -0.054826 -0.088786 -0.116075 -0.130674 -0.083699 -0.102597 -0.130166 -0.136260 -0.118873 -0.094079 -0.062973 -0.071749 -0.053832 -0.029945 -0.076471 
155.938828 -0.135902 -0.129663 -0.145722 -0.140598 -0.151615 -0.156092 -0.092334 -0.116421 -0.118902 -0.116209 -0.124523 -0.136776 -0.048168 -0.083633 -0.079271 -0.081441 -0.056145 0.314688 0.249414 0.274771 0.307748 0.389335 0.445275 0.221694 0.257472 0.338628 0.343947 0.332856 0.317395 0.115424 0.171027 0.141773 0.110946 0.139599 -0.094708 -0.067864 -0.051638 -0.083194 -0.110941 -0.129659 -0.084449 -0.102825 -0.127542 -0.130032 -0.113658 -0.092904 -0.054363 -0.060395 -0.045107 -0.022746 -0.064665 
157.392922 -0.133326 -0.127936 -0.148194 -0.145987 -0.156729 -0.150679 -0.092604 -0.115433 -0.122063 -0.122264 -0.129273 -0.131719 -0.052790 -0.089061 -0.085041 -0.085182 -0.061539 0.305839 0.245164 0.283638 0.325897 0.408519 0.426234 0.219004 0.255572 0.348586 0.365479 0.347504 0.304732 0.125989 0.186131 0.153583 0.119526 0.154252 -0.091908 -0.066311 -0.054320 -0.087868 -0.114259 -0.127219 -0.081838 -0.101037 -0.129706 -0.135450 -0.117296 -0.091779 -0.057883 -0.065673 -0.048325 -0.026585 -0.069939 
158.326061 -0.134732 -0.129008 -0.145853 -0.145808 -0.156758 -0.152094 -0.094722 -0.117322 -0.120254 -0.123408 -0.130170 -0.134135 -0.059556 -0.094629 -0.091167 -0.091533 -0.068859 0.310483 0.247458 0.278045 0.324940 0.409440 0.433140 0.224814 0.259404 0.342592 0.367034 0.349813 0.311785 0.141217 0.201762 0.168280 0.132336 0.173651 -0.093066 -0.066811 -0.053422 -0.087654 -0.114717 -0.128606 -0.083446 -0.101888 -0.128000 -0.135172 -0.117782 -0.093340 -0.062423 -0.070403 -0.052596 -0.030475 -0.075977 
160.080351 -0.137211 -0.131304 -0.147120 -0.143625 -0.153830 -0.149599 -0.099649 -0.120737 -0.123061 -0.122783 -0.130525 -0.134227 -0.071063 -0.106293 -0.102939 -0.102029 -0.081972 0.316980 0.254095 0.282418 0.317788 0.396590 0.421816 0.234898 0.267283 0.349920 0.361188 0.345300 0.309226 0.171449 0.237956 0.201287 0.156510 0.212688 -0.094181 -0.068724 -0.054567 -0.085779 -0.111685 -0.126505 -0.084794 -0.104800 -0.129255 -0.132745 -0.114832 -0.092498 -0.072734 -0.082561 -0.063860 -0.039934 -0.088830 
158.967931 -0.136252 -0.130839 -0.149636 -0.146007 -0.156115 -0.147417 -0.098084 -0.119103 -0.124279 -0.123411 -0.130335 -0.129826 -0.063017 -0.097204 -0.093556 -0.093027 -0.071867 0.313991 0.253008 0.290003 0.325822 0.404892 0.414298 0.230334 0.264105 0.355823 0.368432 0.347409 0.299646 0.148112 0.208149 0.173837 0.136813 0.181527 -0.093422 -0.068314 -0.056318 -0.087716 -0.113121 -0.125631 -0.083183 -0.103984 -0.131126 -0.135746 -0.116415 -0.091553 -0.063973 -0.071808 -0.053736 -0.032369 -0.078130 
157.979789 -0.138263 -0.131841 -0.144798 -0.146129 -0.156742 -0.149256 -0.098172 -0.119718 -0.117910 -0.123862 -0.130662 -0.130628 -0.056887 -0.092038 -0.089104 -0.087619 -0.065100 0.319738 0.252558 0.276323 0.326065 0.408220 0.422206 0.231178 0.260796 0.337314 0.367329 0.349214 0.303157 0.134349 0.196161 0.163093 0.126016 0.164569 -0.094713 -0.067714 -0.053255 -0.088007 -0.113918 -0.127228 -0.083930 -0.102982 -0.128033 -0.134727 -0.116818 -0.092723 -0.060162 -0.069833 -0.051384 -0.030183 -0.073839 
159.193627 -0.141799 -0.134872 -0.145471 -0.142649 -0.153408 -0.152551 -0.102538 -0.123261 -0.119613 -0.121117 -0.128648 -0.135908 -0.065133 -0.099094 -0.095773 -0.095835 -0.073747 0.331443 0.262053 0.277377 0.313957 0.395605 0.435227 0.243394 0.270436 0.341848 0.356717 0.340932 0.316003 0.154012 0.216130 0.180928 0.141985 0.188387 -0.097566 -0.070594 -0.052932 -0.084643 -0.111935 -0.129070 -0.087366 -0.106638 -0.128959 -0.132383 -0.114792 -0.094275 -0.066334 -0.075716 -0.057286 -0.034715 -0.081297 
158.205185 -0.135720 -0.130077 -0.144145 -0.142988 -0.153329 -0.147363 -0.097306 -0.118950 -0.119034 -0.121734 -0.128201 -0.130245 -0.064921 -0.098621 -0.095259 -0.094814 -0.074338 0.312671 0.249558 0.273770 0.314684 0.394365 0.414481 0.228837 0.262167 0.339014 0.359984 0.339667 0.299724 0.153198 0.213957 0.178860 0.140802 0.188774 -0.093321 -0.067251 -0.052689 -0.084983 -0.111335 -0.125915 -0.083242 -0.102766 -0.127202 -0.133348 -0.114910 -0.091527 -0.065694 -0.074252 -0.055745 -0.034034 -0.080537 
157.870803 -0.142132 -0.135585 -0.148450 -0.148865 -0.159517 -0.150586 -0.101457 -0.121600 -0.119682 -0.124496 -0.131004 -0.129896 -0.049807 -0.083079 -0.079830 -0.079357 -0.055415 0.332097 0.263620 0.287791 0.335620 0.419362 0.429137 0.240147 0.266450 0.346066 0.374402 0.354174 0.305896 0.115393 0.169974 0.139344 0.109770 0.137370 -0.097225 -0.070431 -0.055669 -0.090163 -0.116083 -0.128697 -0.085731 -0.105008 -0.130778 -0.137321 -0.118813 -0.094200 -0.052618 -0.060137 -0.042627 -0.024124 -0.063716 
158.549225 -0.138427 -0.132441 -0.149019 -0.140288 -0.150179 -0.148225 -0.100640 -0.120937 -0.124323 -0.117909 -0.126133 -0.132343 -0.066714 -0.099503 -0.095519 -0.096505 -0.075549 0.320382 0.257963 0.286524 0.306342 0.381098 0.414862 0.237515 0.269472 0.354721 0.348153 0.331224 0.304114 0.156636 0.213896 0.180940 0.144216 0.191142 -0.094951 -0.070037 -0.054932 -0.082557 -0.108364 -0.124809 -0.085111 -0.106516 -0.130594 -0.130585 -0.111654 -0.091001 -0.066289 -0.072824 -0.056109 -0.033947 -0.080563 
157.976373 -0.138975 -0.133358 -0.150930 -0.145294 -0.155435 -0.149679 -0.099203 -0.120055 -0.124216 -0.121270 -0.129118 -0.130734 -0.054154 -0.089259 -0.085165 -0.084701 -0.061240 0.322626 0.260337 0.292514 0.323989 0.402377 0.422064 0.233460 0.266216 0.356930 0.361761 0.344278 0.302243 0.127302 0.186796 0.153945 0.119050 0.153598 -0.095356 -0.070158 -0.056080 -0.087215 -0.112603 -0.126925 -0.084300 -0.104897 -0.132256 -0.134267 -0.115385 -0.091803 -0.057589 -0.065856 -0.048358 -0.026893 -0.069815 
158.110789 -0.140150 -0.134111 -0.148784 -0.142360 -0.152866 -0.153273 -0.099385 -0.121269 -0.122492 -0.118900 -0.126796 -0.134889 -0.058173 -0.091939 -0.087758 -0.088997 -0.065748 0.327537 0.261970 0.286092 0.313519 0.393459 0.436614 0.236261 0.268692 0.351073 0.353229 0.337212 0.312647 0.135970 0.193126 0.160443 0.126333 0.164592 -0.097234 -0.070933 -0.054619 -0.084472 -0.111512 -0.129332 -0.086350 -0.106465 -0.130685 -0.132473 -0.114383 -0.093375 -0.059980 -0.066988 -0.050111 -0.027976 -0.072751 
