205.100947 -0.232689 -0.191829 -0.161553 -0.188687 -0.185157 -0.192134 -0.225018 -0.203821 -0.128016 -0.175060 -0.162353 -0.174748 -0.204945 -0.172877 -0.175350 -0.170853 -0.160758 0.412346 0.258101 0.285607 0.402842 0.381419 0.473555 0.406551 0.244836 0.390667 0.666036 0.471957 0.361281 0.274885 0.409206 0.627914 0.434462 0.473403 -0.152424 -0.104235 -0.091990 -0.138231 -0.159351 -0.167841 -0.156938 -0.164670 -0.153147 -0.167933 -0.177841 -0.174624 -0.183511 -0.181948 -0.173139 -0.176381 -0.177406 
204.908242 -0.232653 -0.192405 -0.160121 -0.189116 -0.185113 -0.192050 -0.224981 -0.204035 -0.126583 -0.175924 -0.162346 -0.174679 -0.204996 -0.172688 -0.175598 -0.170743 -0.160717 0.412682 0.260733 0.289102 0.406805 0.381237 0.473852 0.406419 0.244735 0.393847 0.673961 0.472041 0.361332 0.275019 0.415792 0.630082 0.434617 0.473632 -0.152549 -0.105149 -0.089712 -0.137730 -0.159295 -0.168154 -0.156901 -0.163831 -0.149710 -0.167784 -0.177954 -0.174913 -0.183123 -0.182616 -0.173155 -0.176658 -0.177388 
209.233141 -0.233916 -0.196302 -0.183002 -0.191605 -0.186082 -0.192481 -0.226385 -0.206474 -0.152577 -0.175321 -0.163327 -0.175893 -0.204937 -0.178204 -0.175897 -0.172020 -0.161071 0.417053 0.278678 0.336948 0.411820 0.382622 0.472093 0.411428 0.255116 0.466830 0.679613 0.476162 0.362812 0.274487 0.402975 0.629579 0.435013 0.473739 -0.152712 -0.112111 -0.105638 -0.140541 -0.159536 -0.166170 -0.157212 -0.172068 -0.166710 -0.173273 -0.177736 -0.172762 -0.185673 -0.180678 -0.174547 -0.174730 -0.177684 
204.199390 -0.232414 -0.190984 -0.156482 -0.188183 -0.184953 -0.192039 -0.224716 -0.203271 -0.122382 -0.175222 -0.162149 -0.174487 -0.204948 -0.171657 -0.175301 -0.170574 -0.160676 0.411376 0.254427 0.276186 0.402165 0.381068 0.473922 0.405464 0.242635 0.376332 0.665169 0.471095 0.360967 0.274982 0.412270 0.628196 0.434388 0.473399 -0.152391 -0.102735 -0.088661 -0.137646 -0.159272 -0.168260 -0.156853 -0.162819 -0.149295 -0.166733 -0.177880 -0.175084 -0.182932 -0.182396 -0.172835 -0.176797 -0.177339 
204.394146 -0.232519 -0.192545 -0.156921 -0.189250 -0.184990 -0.191940 -0.224836 -0.203995 -0.123216 -0.176685 -0.162258 -0.174517 -0.205045 -0.172018 -0.175796 -0.170543 -0.160649 0.412661 0.261382 0.287251 0.409670 0.381019 0.474248 0.405888 0.243639 0.389215 0.679990 0.471824 0.361246 0.275143 0.422304 0.632159 0.434745 0.473861 -0.152630 -0.105286 -0.086475 -0.137055 -0.159218 -0.168581 -0.156828 -0.162366 -0.145323 -0.167160 -0.178062 -0.175334 -0.182563 -0.183322 -0.173054 -0.177048 -0.177347 
208.503993 -0.233697 -0.195253 -0.179522 -0.190880 -0.185920 -0.192445 -0.226140 -0.205908 -0.148456 -0.174944 -0.163143 -0.175700 -0.204926 -0.177246 -0.175709 -0.171837 -0.161027 0.416054 0.273729 0.324772 0.408543 0.382464 0.472266 0.410595 0.253138 0.449063 0.674077 0.475327 0.362514 0.274528 0.401617 0.628562 0.434847 0.473581 -0.152616 -0.110320 -0.103804 -0.140264 -0.159525 -0.166380 -0.157180 -0.170987 -0.165357 -0.172318 -0.177716 -0.173014 -0.185405 -0.180659 -0.174279 -0.174945 -0.177639 
206.898263 -0.233226 -0.193559 -0.171287 -0.189764 -0.185562 -0.192310 -0.225613 -0.204906 -0.138989 -0.174865 -0.162765 -0.175258 -0.204935 -0.175216 -0.175498 -0.171387 -0.160909 0.414215 0.265849 0.305131 0.405097 0.381958 0.472840 0.408704 0.249182 0.419978 0.669055 0.473692 0.361931 0.274700 0.404117 0.627945 0.434650 0.473443 -0.152509 -0.107318 -0.098443 -0.139354 -0.159466 -0.167037 -0.157081 -0.168151 -0.160133 -0.170270 -0.177766 -0.173741 -0.184577 -0.181160 -0.173740 -0.175589 -0.177533 
213.118183 -0.234951 -0.198817 -0.201847 -0.193336 -0.186918 -0.192873 -0.227554 -0.208112 -0.174415 -0.174169 -0.164174 -0.176926 -0.204782 -0.182417 -0.176067 -0.173122 -0.161345 0.420434 0.291568 0.372585 0.414759 0.383756 0.470196 0.415436 0.263228 0.521636 0.678583 0.479627 0.363896 0.273653 0.388838 0.628816 0.435249 0.473810 -0.152729 -0.117027 -0.121052 -0.143234 -0.159562 -0.164214 -0.157348 -0.178868 -0.181899 -0.177678 -0.177379 -0.170720 -0.187826 -0.178632 -0.175655 -0.172911 -0.177909 
205.243964 -0.232714 -0.191350 -0.162620 -0.188318 -0.185187 -0.192200 -0.225045 -0.203643 -0.129124 -0.174353 -0.162354 -0.174800 -0.204912 -0.172992 -0.175157 -0.170935 -0.160790 0.412002 0.255859 0.281979 0.399569 0.381497 0.473329 0.406676 0.244766 0.386856 0.659615 0.471849 0.361260 0.274815 0.403764 0.626297 0.434331 0.473209 -0.152316 -0.103445 -0.093740 -0.138604 -0.159398 -0.167601 -0.156959 -0.165291 -0.155873 -0.168017 -0.177753 -0.174398 -0.183811 -0.181397 -0.173125 -0.176164 -0.177420 
205.066679 -0.232734 -0.193487 -0.160537 -0.189852 -0.185141 -0.191986 -0.225073 -0.204538 -0.127336 -0.176915 -0.162424 -0.174707 -0.205066 -0.172976 -0.175937 -0.170729 -0.160701 0.413594 0.265552 0.296943 0.411852 0.381235 0.474091 0.406734 0.245437 0.403311 0.684104 0.472572 0.361537 0.275117 0.422572 0.632811 0.434886 0.473952 -0.152703 -0.106870 -0.088294 -0.137330 -0.159270 -0.168368 -0.156882 -0.163549 -0.147172 -0.168092 -0.178082 -0.175074 -0.182887 -0.183227 -0.173312 -0.176818 -0.177396 
206.140428 -0.233024 -0.193583 -0.166876 -0.189849 -0.185392 -0.192176 -0.225391 -0.204781 -0.134164 -0.175772 -0.162627 -0.175032 -0.204989 -0.174340 -0.175681 -0.171115 -0.160824 0.413984 0.265997 0.302974 0.408139 0.381687 0.473383 0.407900 0.247786 0.414979 0.675834 0.473258 0.361789 0.274913 0.412162 0.629865 0.434752 0.473657 -0.152603 -0.107228 -0.094183 -0.138521 -0.159389 -0.167596 -0.157008 -0.166275 -0.154711 -0.169405 -0.177905 -0.174302 -0.183880 -0.182063 -0.173565 -0.176107 -0.177478 
206.807319 -0.233200 -0.193528 -0.170778 -0.189750 -0.185541 -0.192298 -0.225585 -0.204876 -0.138422 -0.174935 -0.162747 -0.175232 -0.204939 -0.175108 -0.175508 -0.171356 -0.160900 0.414125 0.265717 0.304625 0.405276 0.381943 0.472887 0.408620 0.249018 0.419104 0.669469 0.473649 0.361909 0.274727 0.404783 0.628074 0.434637 0.473456 -0.152514 -0.107252 -0.098006 -0.139273 -0.159458 -0.167094 -0.157074 -0.167949 -0.159607 -0.170163 -0.177777 -0.173799 -0.184506 -0.181242 -0.173715 -0.175643 -0.177527 
207.834878 -0.233507 -0.194751 -0.176038 -0.190559 -0.185772 -0.192374 -0.225928 -0.205581 -0.144481 -0.175128 -0.162994 -0.175514 -0.204943 -0.176443 -0.175681 -0.171639 -0.160973 0.415411 0.271345 0.318380 0.408128 0.382241 0.472582 0.409821 0.251632 0.439231 0.674081 0.474735 0.362307 0.274633 0.404179 0.628764 0.434812 0.473579 -0.152607 -0.109390 -0.101175 -0.139797 -0.159496 -0.166711 -0.157138 -0.169716 -0.162573 -0.171504 -0.177766 -0.173366 -0.185001 -0.181018 -0.174076 -0.175261 -0.177595 
205.386505 -0.232797 -0.192824 -0.162787 -0.189372 -0.185221 -0.192103 -0.225140 -0.204310 -0.129553 -0.175818 -0.162453 -0.174817 -0.204991 -0.173333 -0.175614 -0.170892 -0.160761 0.413154 0.262586 0.294166 0.407077 0.381438 0.473675 0.407011 0.245920 0.401719 0.674239 0.472505 0.361499 0.274984 0.414026 0.629870 0.434666 0.473626 -0.152564 -0.105894 -0.091534 -0.138058 -0.159336 -0.167925 -0.156945 -0.164816 -0.151821 -0.168413 -0.177930 -0.174665 -0.183435 -0.182367 -0.173310 -0.176433 -0.177424 
216.529207 -0.235780 -0.199576 -0.217578 -0.193950 -0.187614 -0.193250 -0.228496 -0.208910 -0.192558 -0.171950 -0.164865 -0.177787 -0.204556 -0.185284 -0.176013 -0.174078 -0.161562 0.422578 0.297092 0.383229 0.412373 0.384645 0.468125 0.418568 0.268536 0.539308 0.666487 0.482256 0.364580 0.272657 0.370618 0.627069 0.435187 0.473723 -0.152541 -0.119477 -0.136294 -0.145772 -0.159452 -0.162213 -0.157348 -0.184603 -0.196782 -0.181008 -0.176855 -0.168699 -0.189747 -0.176001 -0.176491 -0.171103 -0.178076 
203.086583 -0.232088 -0.190543 -0.149766 -0.187986 -0.184695 -0.191862 -0.224363 -0.202841 -0.115136 -0.176104 -0.161929 -0.174147 -0.204988 -0.170116 -0.175476 -0.170182 -0.160548 0.410756 0.252647 0.268122 0.404796 0.380632 0.474541 0.404157 0.240092 0.362009 0.670627 0.470284 0.360642 0.275118 0.420999 0.630455 0.434456 0.473645 -0.152459 -0.101899 -0.083244 -0.136598 -0.159115 -0.168961 -0.156716 -0.160069 -0.142104 -0.165291 -0.178001 -0.175812 -0.181958 -0.183426 -0.172525 -0.177470 -0.177248 
210.001185 -0.234109 -0.196265 -0.187148 -0.191538 -0.186247 -0.192603 -0.226602 -0.206579 -0.157200 -0.174459 -0.163470 -0.176110 -0.204876 -0.178956 -0.175758 -0.172276 -0.161143 0.417306 0.278619 0.338029 0.409267 0.382899 0.471523 0.412200 0.256344 0.469458 0.673329 0.476638 0.362966 0.274270 0.395552 0.628077 0.434929 0.473574 -0.152624 -0.112249 -0.109808 -0.141325 -0.159568 -0.165619 -0.157257 -0.173768 -0.171586 -0.174082 -0.177586 -0.172214 -0.186294 -0.179814 -0.174721 -0.174227 -0.177732 
208.848597 -0.233780 -0.195031 -0.181525 -0.190690 -0.185993 -0.192517 -0.226232 -0.205869 -0.150642 -0.174315 -0.163197 -0.175801 -0.204889 -0.177552 -0.175581 -0.171966 -0.161066 0.415999 0.272711 0.323032 0.406199 0.382581 0.471956 0.410902 0.253508 0.447363 0.668910 0.475461 0.362545 0.274419 0.396539 0.627412 0.434788 0.473443 -0.152538 -0.110047 -0.106090 -0.140704 -0.159553 -0.166073 -0.157206 -0.171876 -0.168276 -0.172651 -0.177620 -0.172715 -0.185758 -0.180095 -0.174342 -0.174665 -0.177662 
208.720867 -0.233821 -0.197326 -0.179681 -0.192348 -0.185961 -0.192315 -0.226278 -0.206821 -0.149224 -0.177011 -0.163271 -0.175729 -0.205056 -0.177834 -0.176328 -0.171783 -0.160993 0.417633 0.283241 0.344544 0.418847 0.382366 0.472786 0.411052 0.254701 0.475890 0.694896 0.476243 0.362893 0.274777 0.416100 0.633396 0.435378 0.474158 -0.152915 -0.113485 -0.100687 -0.139466 -0.159494 -0.166854 -0.157143 -0.170282 -0.160184 -0.172834 -0.177994 -0.173392 -0.184907 -0.182010 -0.174541 -0.175319 -0.177649 
204.645221 -0.232588 -0.192564 -0.158446 -0.189247 -0.185049 -0.191987 -0.224910 -0.204053 -0.124837 -0.176410 -0.162305 -0.174595 -0.205026 -0.172357 -0.175729 -0.170635 -0.160679 0.412780 0.261450 0.288795 0.408731 0.381142 0.474113 0.406170 0.244220 0.392248 0.677983 0.471984 0.361302 0.275096 0.419811 0.631394 0.434716 0.473780 -0.152606 -0.105362 -0.087872 -0.137341 -0.159252 -0.168399 -0.156862 -0.163031 -0.147171 -0.167478 -0.178022 -0.175151 -0.182807 -0.183044 -0.173113 -0.176880 -0.177367 
208.485461 -0.234141 -0.197279 -0.199456 -0.189832 -0.185685 -0.155389 -0.228906 -0.207577 -0.171058 -0.172053 -0.166070 -0.132089 -0.207174 -0.181097 -0.176519 -0.160714 -0.161458 0.399384 0.284604 0.357935 0.396475 0.378975 0.363980 0.412076 0.259089 0.503107 0.668142 0.461662 0.293204 0.285099 0.382615 0.616297 0.422053 0.473736 -0.140751 -0.113246 -0.123117 -0.140248 -0.147099 -0.141165 -0.144805 -0.175857 -0.184435 -0.175452 -0.164123 -0.147793 -0.186850 -0.179318 -0.171029 -0.179839 -0.178360 
209.219754 -0.234797 -0.197426 -0.199537 -0.190475 -0.186922 -0.162228 -0.229658 -0.207639 -0.171224 -0.172468 -0.166483 -0.139021 -0.207270 -0.181175 -0.176615 -0.162781 -0.161473 0.403173 0.284892 0.358285 0.399331 0.384073 0.383725 0.416509 0.259875 0.503378 0.669567 0.466832 0.309967 0.285304 0.383083 0.618303 0.426107 0.473882 -0.141888 -0.113525 -0.122835 -0.140626 -0.149309 -0.144561 -0.146786 -0.176375 -0.184152 -0.175689 -0.165894 -0.150179 -0.187232 -0.179239 -0.171639 -0.179426 -0.178340 
207.628055 -0.233935 -0.197121 -0.199312 -0.189191 -0.185162 -0.146820 -0.228884 -0.207530 -0.170804 -0.171659 -0.166202 -0.122514 -0.207578 -0.180949 -0.176556 -0.157875 -0.161473 0.394919 0.283924 0.357396 0.393283 0.376883 0.340778 0.410253 0.258395 0.502931 0.666812 0.457194 0.275752 0.287171 0.381955 0.613500 0.418784 0.473746 -0.138146 -0.112707 -0.123628 -0.139564 -0.144183 -0.136032 -0.142008 -0.175256 -0.184905 -0.175051 -0.161251 -0.143003 -0.186583 -0.179495 -0.170040 -0.181051 -0.178444 
208.582469 -0.234587 -0.197310 -0.199436 -0.189994 -0.186463 -0.156104 -0.229591 -0.207605 -0.171044 -0.172175 -0.166543 -0.132186 -0.207530 -0.181073 -0.176639 -0.160763 -0.161482 0.399863 0.284465 0.357901 0.396960 0.382264 0.366407 0.414957 0.259359 0.503254 0.668610 0.463442 0.296661 0.286664 0.382631 0.616373 0.423525 0.473864 -0.140122 -0.113164 -0.123196 -0.140156 -0.147261 -0.140948 -0.144809 -0.175942 -0.184486 -0.175414 -0.163883 -0.146864 -0.187028 -0.179365 -0.170953 -0.180246 -0.178397 
208.854750 -0.234201 -0.197343 -0.199521 -0.190098 -0.185843 -0.158998 -0.228843 -0.207592 -0.171169 -0.172212 -0.165959 -0.136228 -0.206967 -0.181163 -0.176487 -0.161921 -0.161449 0.401291 0.284895 0.358183 0.397816 0.379571 0.373923 0.412593 0.259369 0.503161 0.668650 0.463396 0.300457 0.284081 0.382893 0.617443 0.423370 0.473727 -0.141903 -0.113478 -0.122887 -0.140543 -0.148321 -0.143374 -0.146001 -0.176106 -0.184226 -0.175622 -0.165371 -0.149925 -0.186948 -0.179236 -0.171457 -0.179272 -0.178320 
209.639389 -0.234167 -0.197469 -0.199670 -0.190625 -0.185861 -0.166549 -0.228386 -0.207612 -0.171420 -0.172504 -0.165476 -0.145328 -0.206369 -0.181316 -0.176349 -0.164503 -0.161419 0.405242 0.285544 0.358693 0.400610 0.379532 0.394580 0.412440 0.259844 0.503240 0.669489 0.466458 0.314365 0.281218 0.383501 0.619945 0.425579 0.473647 -0.144620 -0.114007 -0.122345 -0.141203 -0.150888 -0.148226 -0.148597 -0.176616 -0.183741 -0.175995 -0.168183 -0.154945 -0.187086 -0.179031 -0.172412 -0.177815 -0.178215 
210.141662 -0.234373 -0.197557 -0.199743 -0.191003 -0.186249 -0.171138 -0.228449 -0.207635 -0.171554 -0.172726 -0.165425 -0.150486 -0.206198 -0.181389 -0.176324 -0.165971 -0.161412 0.407736 0.285827 0.358962 0.402428 0.381099 0.407844 0.413723 0.260240 0.503364 0.670131 0.469072 0.324211 0.280340 0.383863 0.621303 0.427597 0.473679 -0.145838 -0.114256 -0.122074 -0.141528 -0.152398 -0.150877 -0.150057 -0.176941 -0.183487 -0.176183 -0.169647 -0.157319 -0.187247 -0.178936 -0.172908 -0.177194 -0.178173 
208.531089 -0.232916 -0.197237 -0.199573 -0.189626 -0.183581 -0.156332 -0.226835 -0.207509 -0.171197 -0.171846 -0.164514 -0.135764 -0.205972 -0.181229 -0.176127 -0.161663 -0.161384 0.399551 0.285269 0.358253 0.396301 0.370114 0.363947 0.404204 0.258559 0.502814 0.667145 0.457787 0.287805 0.279798 0.382882 0.617174 0.418804 0.473347 -0.143497 -0.113702 -0.122687 -0.140730 -0.147596 -0.143341 -0.145837 -0.175834 -0.184106 -0.175690 -0.165922 -0.152481 -0.186430 -0.179107 -0.171653 -0.178024 -0.178216 
210.254128 -0.234460 -0.197578 -0.199756 -0.191095 -0.186406 -0.172134 -0.228532 -0.207642 -0.171580 -0.172783 -0.165464 -0.151526 -0.206197 -0.181401 -0.176332 -0.166275 -0.161412 0.408305 0.285858 0.359018 0.402867 0.381728 0.410845 0.414278 0.260339 0.503377 0.670310 0.469779 0.326702 0.280319 0.383899 0.621571 0.428176 0.473684 -0.146025 -0.114296 -0.122025 -0.141586 -0.152718 -0.151400 -0.150352 -0.177015 -0.183441 -0.176218 -0.169920 -0.157709 -0.187297 -0.178922 -0.173000 -0.177114 -0.178168 
209.323270 -0.233747 -0.197400 -0.199648 -0.190327 -0.185102 -0.163719 -0.227841 -0.207579 -0.171364 -0.172305 -0.165127 -0.142784 -0.206200 -0.181298 -0.176269 -0.163730 -0.161405 0.403631 0.285490 0.358570 0.399325 0.376390 0.385778 0.409714 0.259445 0.503114 0.668729 0.463788 0.306323 0.280566 0.383332 0.619176 0.423438 0.473551 -0.144432 -0.113945 -0.122422 -0.141092 -0.149998 -0.146976 -0.147866 -0.176393 -0.183829 -0.175921 -0.167624 -0.154448 -0.186880 -0.179043 -0.172226 -0.177782 -0.178209 
208.560130 -0.234254 -0.197295 -0.199461 -0.189907 -0.185889 -0.156070 -0.229059 -0.207585 -0.171071 -0.172105 -0.166167 -0.132690 -0.207228 -0.181101 -0.176543 -0.160896 -0.161463 0.399758 0.284598 0.357958 0.396745 0.379827 0.365985 0.412833 0.259191 0.503151 0.668331 0.462327 0.295066 0.285303 0.382660 0.616479 0.422580 0.473767 -0.140767 -0.113260 -0.123104 -0.140269 -0.147312 -0.141433 -0.144975 -0.175912 -0.184418 -0.175468 -0.164243 -0.147875 -0.186906 -0.179317 -0.171071 -0.179856 -0.178363 
207.922822 -0.234105 -0.197179 -0.199353 -0.189433 -0.185515 -0.149746 -0.229059 -0.207552 -0.170882 -0.171814 -0.166277 -0.125596 -0.207537 -0.180991 -0.176575 -0.158796 -0.161474 0.396451 0.284122 0.357572 0.394412 0.378357 0.348708 0.411533 0.258686 0.503016 0.667356 0.459047 0.282066 0.286887 0.382179 0.614417 0.420183 0.473774 -0.138833 -0.112863 -0.123485 -0.139762 -0.145166 -0.137632 -0.142907 -0.175469 -0.184768 -0.175172 -0.162114 -0.144310 -0.186712 -0.179451 -0.170340 -0.180761 -0.178426 
208.470238 -0.234513 -0.197288 -0.199422 -0.189900 -0.186316 -0.155032 -0.229515 -0.207597 -0.171016 -0.172116 -0.166508 -0.131056 -0.207540 -0.181058 -0.176631 -0.160425 -0.161481 0.399279 0.284393 0.357848 0.396509 0.381673 0.363392 0.414438 0.259257 0.503190 0.668392 0.462736 0.294194 0.286737 0.382514 0.616055 0.422975 0.473854 -0.139887 -0.113112 -0.123247 -0.140086 -0.146907 -0.140377 -0.144484 -0.175863 -0.184536 -0.175372 -0.163575 -0.146405 -0.186978 -0.179380 -0.170846 -0.180343 -0.178403 
210.392343 -0.234918 -0.197620 -0.199740 -0.191283 -0.187228 -0.173192 -0.229239 -0.207674 -0.171576 -0.172926 -0.165963 -0.151923 -0.206526 -0.181382 -0.176454 -0.166473 -0.161435 0.409083 0.285755 0.358989 0.403532 0.385123 0.415078 0.417272 0.260652 0.503498 0.670920 0.471879 0.332209 0.281730 0.383946 0.621776 0.429984 0.473820 -0.145550 -0.114231 -0.122083 -0.141541 -0.152991 -0.151455 -0.150475 -0.177122 -0.183470 -0.176205 -0.169811 -0.157011 -0.187483 -0.178962 -0.172963 -0.177531 -0.178202 
207.616061 -0.233858 -0.197117 -0.199316 -0.189167 -0.185029 -0.146740 -0.228765 -0.207526 -0.170808 -0.171641 -0.166118 -0.122551 -0.207512 -0.180954 -0.176534 -0.157888 -0.161468 0.394832 0.283983 0.357429 0.393229 0.376334 0.340493 0.409750 0.258347 0.502913 0.666748 0.456927 0.275311 0.286869 0.381969 0.613526 0.418530 0.473719 -0.138276 -0.112725 -0.123611 -0.139585 -0.144167 -0.136097 -0.142025 -0.175244 -0.184893 -0.175061 -0.161312 -0.143204 -0.186553 -0.179486 -0.170060 -0.180973 -0.178437 
210.518457 -0.235154 -0.197650 -0.199742 -0.191417 -0.187653 -0.174222 -0.229570 -0.207692 -0.171591 -0.173019 -0.166181 -0.152745 -0.206655 -0.181382 -0.176505 -0.166749 -0.161444 0.409732 0.285742 0.359015 0.404106 0.386896 0.418617 0.418818 0.260824 0.503579 0.671293 0.473133 0.335977 0.282268 0.384012 0.621975 0.431091 0.473889 -0.145478 -0.114233 -0.122074 -0.141557 -0.153293 -0.151786 -0.150710 -0.177211 -0.183452 -0.176221 -0.169943 -0.156994 -0.187588 -0.178968 -0.173008 -0.177640 -0.178212 
207.637162 -0.233369 -0.197106 -0.199362 -0.189086 -0.184208 -0.147207 -0.227970 -0.207501 -0.170864 -0.171565 -0.165542 -0.123978 -0.207026 -0.181007 -0.176389 -0.158311 -0.161438 0.395033 0.284259 0.357530 0.393222 0.372813 0.341177 0.406705 0.258160 0.502788 0.666449 0.455511 0.274266 0.284702 0.382066 0.613885 0.417400 0.473568 -0.139435 -0.112909 -0.123438 -0.139802 -0.144396 -0.137072 -0.142463 -0.175239 -0.184760 -0.175169 -0.162058 -0.145119 -0.186386 -0.179404 -0.170315 -0.180304 -0.178381 
207.404837 -0.233285 -0.197062 -0.199324 -0.188906 -0.184014 -0.144852 -0.227911 -0.207486 -0.170797 -0.171452 -0.165542 -0.121417 -0.207104 -0.180969 -0.176389 -0.157554 -0.161440 0.393828 0.284101 0.357403 0.392351 0.372003 0.334946 0.405988 0.257948 0.502733 0.666078 0.454179 0.269566 0.285114 0.381924 0.613121 0.416462 0.473548 -0.138787 -0.112769 -0.123567 -0.139626 -0.143588 -0.135706 -0.141713 -0.175071 -0.184881 -0.175065 -0.161309 -0.143921 -0.186299 -0.179447 -0.170054 -0.180604 -0.178400 
208.530457 -0.233650 -0.197267 -0.199508 -0.189764 -0.184847 -0.156066 -0.228075 -0.207550 -0.171122 -0.171981 -0.165455 -0.133812 -0.206673 -0.181155 -0.176363 -0.161182 -0.161427 0.399593 0.284926 0.358074 0.396482 0.375411 0.365019 0.408964 0.258895 0.503004 0.667818 0.460272 0.291958 0.282862 0.382762 0.616745 0.420864 0.473561 -0.141958 -0.113443 -0.122927 -0.140472 -0.147407 -0.142273 -0.145310 -0.175865 -0.184287 -0.175565 -0.164937 -0.149816 -0.186687 -0.179227 -0.171307 -0.179095 -0.178300 
211.919177 -0.235147 -0.197853 -0.199991 -0.192297 -0.187574 -0.186489 -0.228620 -0.207707 -0.172013 -0.173470 -0.165180 -0.167891 -0.205616 -0.181633 -0.176198 -0.170866 -0.161383 0.416358 0.286657 0.359858 0.408806 0.386530 0.453973 0.417979 0.261570 0.503691 0.672235 0.477954 0.358258 0.277429 0.384975 0.625709 0.434733 0.473784 -0.149833 -0.115045 -0.121130 -0.142590 -0.157389 -0.159743 -0.154946 -0.178030 -0.182608 -0.176785 -0.174552 -0.165328 -0.187788 -0.178602 -0.174551 -0.175045 -0.178027 
200.876860 -0.232649 -0.194716 -0.193455 -0.153679 -0.145341 -0.187362 -0.224105 -0.204879 -0.169591 -0.133420 -0.127550 -0.178145 -0.203049 -0.178578 -0.166508 -0.175908 -0.162135 0.405458 0.280128 0.343421 0.353025 0.309671 0.430954 0.410720 0.263888 0.486076 0.506763 0.401400 0.361096 0.267160 0.370875 0.651484 0.451988 0.474563 -0.150890 -0.117778 -0.109315 -0.103559 -0.125029 -0.145488 -0.156963 -0.182348 -0.172223 -0.140556 -0.138153 -0.154685 -0.187279 -0.172267 -0.178171 -0.171080 -0.178079 
197.041856 -0.231902 -0.193543 -0.190276 -0.139072 -0.129602 -0.184848 -0.223045 -0.203936 -0.168094 -0.118856 -0.113607 -0.177036 -0.202580 -0.177243 -0.162488 -0.176149 -0.162336 0.399526 0.277084 0.333443 0.316128 0.274433 0.416991 0.408307 0.264281 0.477512 0.441843 0.356568 0.355551 0.265555 0.365799 0.648128 0.454313 0.474729 -0.149780 -0.118093 -0.104621 -0.091105 -0.114240 -0.139289 -0.156279 -0.183368 -0.168727 -0.128504 -0.124664 -0.148505 -0.187066 -0.170282 -0.178444 -0.169891 -0.178072 
197.818977 -0.232025 -0.193805 -0.190793 -0.142229 -0.132833 -0.185105 -0.223178 -0.204140 -0.168329 -0.122043 -0.116326 -0.176940 -0.202624 -0.177559 -0.163241 -0.175913 -0.162277 0.400966 0.277724 0.334902 0.322410 0.280459 0.419598 0.408500 0.264113 0.478954 0.454519 0.363909 0.355611 0.265673 0.366969 0.646867 0.452668 0.474516 -0.150105 -0.118013 -0.105512 -0.094035 -0.116961 -0.140935 -0.156469 -0.183143 -0.169566 -0.131487 -0.127936 -0.149970 -0.187047 -0.170804 -0.178130 -0.169965 -0.178046 
200.449956 -0.232528 -0.194613 -0.192883 -0.152250 -0.143565 -0.186715 -0.223874 -0.204791 -0.169303 -0.132069 -0.125772 -0.177507 -0.202939 -0.178475 -0.165923 -0.175639 -0.162129 0.405069 0.279767 0.341295 0.346291 0.303547 0.429039 0.409961 0.263781 0.484590 0.498134 0.392836 0.358749 0.266729 0.370474 0.647812 0.450473 0.474346 -0.150864 -0.117761 -0.108679 -0.102795 -0.124595 -0.145327 -0.156906 -0.182416 -0.172003 -0.139956 -0.137360 -0.154228 -0.187174 -0.172210 -0.177820 -0.170691 -0.178038 
210.848241 -0.234670 -0.197381 -0.201469 -0.186201 -0.181580 -0.194830 -0.227462 -0.207123 -0.173244 -0.166342 -0.161408 -0.182166 -0.204628 -0.181315 -0.176437 -0.176275 -0.161719 0.417584 0.287311 0.369392 0.454736 0.410723 0.466703 0.418634 0.263429 0.507216 0.688582 0.533212 0.380379 0.272961 0.382667 0.669443 0.453126 0.475507 -0.152518 -0.116893 -0.120248 -0.131536 -0.148073 -0.157752 -0.157964 -0.179751 -0.179562 -0.166178 -0.166954 -0.167729 -0.188160 -0.176257 -0.179317 -0.174827 -0.178239 
195.787946 -0.231460 -0.193260 -0.188282 -0.134710 -0.123883 -0.182429 -0.222185 -0.203674 -0.167064 -0.114940 -0.107937 -0.174574 -0.202125 -0.176995 -0.160609 -0.175070 -0.162290 0.398731 0.276031 0.326175 0.295797 0.255848 0.410492 0.405543 0.263813 0.472440 0.418466 0.331415 0.346951 0.263707 0.364773 0.634650 0.447900 0.473803 -0.149902 -0.118067 -0.102408 -0.089148 -0.113497 -0.139222 -0.156247 -0.183579 -0.168154 -0.127268 -0.122867 -0.147401 -0.186601 -0.170251 -0.177057 -0.168442 -0.177898 
201.878117 -0.232875 -0.194990 -0.194453 -0.157182 -0.149335 -0.188341 -0.224487 -0.205106 -0.170072 -0.136873 -0.131312 -0.178879 -0.203226 -0.178870 -0.167654 -0.176112 -0.162108 0.406720 0.280929 0.346805 0.364990 0.320897 0.434873 0.411776 0.263923 0.488692 0.525127 0.416416 0.364043 0.267821 0.372036 0.655345 0.453049 0.474752 -0.151067 -0.117737 -0.110595 -0.106191 -0.127079 -0.146566 -0.157103 -0.182119 -0.172950 -0.142939 -0.140922 -0.156026 -0.187409 -0.172618 -0.178463 -0.171615 -0.178118 
200.272501 -0.232430 -0.194600 -0.192367 -0.151832 -0.142711 -0.185993 -0.223641 -0.204773 -0.169021 -0.131789 -0.124722 -0.176601 -0.202827 -0.178481 -0.165493 -0.175168 -0.162093 0.405171 0.279575 0.339156 0.339989 0.298093 0.427727 0.409053 0.263575 0.483301 0.492817 0.384739 0.355662 0.266263 0.370486 0.642119 0.447649 0.473964 -0.150956 -0.117684 -0.108249 -0.103213 -0.125291 -0.145851 -0.156887 -0.182387 -0.172096 -0.140548 -0.137823 -0.154277 -0.187031 -0.172378 -0.177220 -0.170218 -0.177972 
199.968454 -0.232513 -0.194422 -0.192970 -0.150186 -0.141791 -0.187156 -0.223963 -0.204643 -0.169390 -0.129832 -0.124598 -0.178448 -0.202989 -0.178239 -0.165745 -0.176284 -0.162213 0.403911 0.279486 0.342232 0.347290 0.303601 0.428063 0.410648 0.264135 0.484711 0.492682 0.394627 0.361644 0.266994 0.369563 0.654368 0.454446 0.474841 -0.150563 -0.117922 -0.108382 -0.100024 -0.121728 -0.143528 -0.156814 -0.182643 -0.171259 -0.137025 -0.134341 -0.153065 -0.187311 -0.171645 -0.178618 -0.171080 -0.178120 
205.168394 -0.233396 -0.195987 -0.196020 -0.169042 -0.161440 -0.189151 -0.225112 -0.205940 -0.170660 -0.149165 -0.141475 -0.177577 -0.203558 -0.179945 -0.170133 -0.174704 -0.161826 0.411634 0.283019 0.350025 0.379429 0.338980 0.445182 0.411916 0.263012 0.492940 0.571113 0.434094 0.361480 0.268963 0.376560 0.642555 0.444405 0.473932 -0.151902 -0.117063 -0.113717 -0.118842 -0.138599 -0.153172 -0.157325 -0.180958 -0.176207 -0.155081 -0.153859 -0.161289 -0.187363 -0.174736 -0.176917 -0.171619 -0.177981 
201.853859 -0.232749 -0.195058 -0.193632 -0.157558 -0.148959 -0.187082 -0.224121 -0.205153 -0.169604 -0.137527 -0.130308 -0.177044 -0.203061 -0.178974 -0.167069 -0.175075 -0.162012 0.407345 0.280746 0.343033 0.353918 0.311975 0.433479 0.410070 0.263418 0.486630 0.518650 0.401909 0.357920 0.267145 0.372435 0.643155 0.446858 0.473967 -0.151295 -0.117511 -0.110110 -0.108237 -0.129552 -0.148218 -0.157065 -0.181942 -0.173448 -0.145253 -0.143055 -0.156609 -0.187147 -0.173139 -0.177171 -0.170722 -0.177982 
203.094015 -0.233064 -0.195367 -0.195069 -0.161652 -0.153911 -0.188651 -0.224707 -0.205415 -0.170317 -0.141489 -0.135148 -0.178458 -0.203335 -0.179284 -0.168618 -0.175614 -0.162005 0.408640 0.281739 0.348197 0.371612 0.328450 0.438723 0.411867 0.263594 0.490392 0.543186 0.424409 0.363285 0.268175 0.373738 0.651159 0.449905 0.474432 -0.151419 -0.117515 -0.111790 -0.110844 -0.131356 -0.149050 -0.157229 -0.181706 -0.174176 -0.147474 -0.145786 -0.158043 -0.187387 -0.173409 -0.177907 -0.171627 -0.178068 
201.873369 -0.232663 -0.195123 -0.193061 -0.158004 -0.148772 -0.186168 -0.223854 -0.205199 -0.169261 -0.138188 -0.129726 -0.175675 -0.202948 -0.179076 -0.166668 -0.174312 -0.161941 0.407868 0.280639 0.340284 0.345299 0.304917 0.432451 0.408776 0.263035 0.485163 0.513782 0.390926 0.353374 0.266663 0.372837 0.633887 0.442367 0.473401 -0.151466 -0.117331 -0.109798 -0.109923 -0.131410 -0.149436 -0.157023 -0.181799 -0.173842 -0.147037 -0.144718 -0.157074 -0.186951 -0.173542 -0.176212 -0.170087 -0.177884 
205.748648 -0.233407 -0.196213 -0.195543 -0.171480 -0.163136 -0.188239 -0.224964 -0.206138 -0.170296 -0.151914 -0.142367 -0.175608 -0.203538 -0.180196 -0.169957 -0.173522 -0.161692 0.412720 0.283165 0.346899 0.366928 0.330239 0.445794 0.410361 0.262421 0.491653 0.568604 0.418641 0.355245 0.268903 0.377712 0.628001 0.437618 0.473152 -0.152105 -0.116654 -0.113824 -0.123124 -0.142748 -0.155630 -0.157187 -0.180539 -0.177186 -0.159164 -0.157821 -0.162545 -0.187160 -0.175553 -0.175466 -0.170877 -0.177846 
208.043318 -0.233832 -0.196833 -0.196683 -0.179091 -0.171046 -0.189171 -0.225610 -0.206693 -0.170698 -0.159770 -0.149238 -0.174982 -0.203900 -0.180800 -0.171595 -0.172792 -0.161520 0.415297 0.284404 0.349340 0.372016 0.339876 0.453279 0.410934 0.261936 0.494573 0.595397 0.426602 0.354581 0.270343 0.380642 0.620359 0.433589 0.472897 -0.152359 -0.116121 -0.115901 -0.131288 -0.149802 -0.159412 -0.157147 -0.179708 -0.179143 -0.166525 -0.165576 -0.165604 -0.187250 -0.176794 -0.174709 -0.171142 -0.177794 
204.313125 -0.233118 -0.195828 -0.194556 -0.166678 -0.157883 -0.187322 -0.224499 -0.205801 -0.169872 -0.147040 -0.137665 -0.175423 -0.203296 -0.179815 -0.168697 -0.173690 -0.161772 0.411098 0.282251 0.344093 0.357816 0.319748 0.440689 0.409556 0.262592 0.489099 0.547626 0.406812 0.353824 0.267974 0.375978 0.628702 0.438601 0.473127 -0.151921 -0.116882 -0.112326 -0.118579 -0.138901 -0.153584 -0.157133 -0.180985 -0.176043 -0.155042 -0.153339 -0.160648 -0.187048 -0.174890 -0.175574 -0.170482 -0.177844 
207.464986 -0.233914 -0.196560 -0.198198 -0.176227 -0.169867 -0.191429 -0.226050 -0.206429 -0.171699 -0.156331 -0.149619 -0.179302 -0.203995 -0.180509 -0.172647 -0.175238 -0.161772 0.414063 0.284727 0.357597 0.407500 0.366259 0.454038 0.414514 0.263126 0.498633 0.615547 0.470501 0.368583 0.270610 0.379032 0.652014 0.447333 0.474492 -0.152158 -0.116961 -0.116404 -0.124275 -0.142766 -0.155233 -0.157567 -0.180440 -0.177644 -0.159876 -0.159459 -0.163989 -0.187683 -0.175405 -0.177762 -0.172862 -0.178076 
201.372228 -0.232782 -0.194841 -0.194084 -0.155348 -0.147367 -0.188055 -0.224353 -0.204983 -0.169906 -0.135016 -0.129571 -0.178810 -0.203165 -0.178705 -0.167167 -0.176182 -0.162138 0.405996 0.280565 0.345702 0.360590 0.316503 0.433093 0.411512 0.264000 0.487677 0.516661 0.411000 0.363549 0.267603 0.371367 0.655353 0.453540 0.474790 -0.150936 -0.117794 -0.110028 -0.104521 -0.125617 -0.145735 -0.157033 -0.182263 -0.172497 -0.141338 -0.139153 -0.155243 -0.187388 -0.172352 -0.178530 -0.171495 -0.178121 
204.795201 -0.233362 -0.195862 -0.196063 -0.167621 -0.160188 -0.189365 -0.225116 -0.205832 -0.170727 -0.147625 -0.140594 -0.178223 -0.203545 -0.179809 -0.170028 -0.175137 -0.161884 0.411002 0.282851 0.350732 0.381829 0.340037 0.444339 0.412349 0.263254 0.493033 0.568662 0.437176 0.363426 0.268919 0.375960 0.647544 0.446937 0.474201 -0.151789 -0.117222 -0.113497 -0.116841 -0.136671 -0.152038 -0.157349 -0.181151 -0.175723 -0.153143 -0.151905 -0.160596 -0.187425 -0.174369 -0.177428 -0.171839 -0.178029 
198.392518 -0.231971 -0.194089 -0.190391 -0.145074 -0.134862 -0.183977 -0.222854 -0.204340 -0.168050 -0.125235 -0.117475 -0.175053 -0.202442 -0.177952 -0.163295 -0.174725 -0.162138 0.402950 0.278112 0.332445 0.318017 0.277167 0.419930 0.406873 0.263482 0.478094 0.459838 0.357698 0.349666 0.264805 0.368345 0.634530 0.445275 0.473551 -0.150687 -0.117784 -0.105694 -0.098242 -0.121412 -0.143829 -0.156669 -0.182833 -0.170709 -0.136073 -0.132633 -0.151781 -0.186727 -0.171733 -0.176610 -0.169128 -0.177886 
203.854268 -0.181159 -0.149361 -0.196060 -0.190431 -0.185491 -0.189172 -0.175668 -0.162742 -0.176190 -0.170839 -0.160702 -0.179213 -0.187958 -0.180509 -0.172509 -0.172748 -0.159977 0.317674 0.217152 0.354668 0.401061 0.373666 0.448099 0.308875 0.247291 0.494196 0.659901 0.473048 0.354467 0.265552 0.388530 0.622096 0.426119 0.472199 -0.111484 -0.078883 -0.112367 -0.142687 -0.159982 -0.155369 -0.122305 -0.140073 -0.171155 -0.177437 -0.180706 -0.156425 -0.202588 -0.182367 -0.179337 -0.164416 -0.177977 
208.111796 -0.209597 -0.174874 -0.198145 -0.191590 -0.186173 -0.191040 -0.202804 -0.186309 -0.174342 -0.172284 -0.162413 -0.177964 -0.196907 -0.181329 -0.174269 -0.172968 -0.160690 0.373815 0.253816 0.357197 0.405926 0.378725 0.459227 0.364749 0.261275 0.498970 0.666152 0.476313 0.359181 0.268459 0.386497 0.625229 0.431025 0.472846 -0.132656 -0.096453 -0.116253 -0.143099 -0.159883 -0.159920 -0.140206 -0.160111 -0.176910 -0.177425 -0.179125 -0.163962 -0.195141 -0.180271 -0.177455 -0.168918 -0.177949 
204.586329 -0.185538 -0.154742 -0.197145 -0.190653 -0.185634 -0.190228 -0.180333 -0.166086 -0.177035 -0.171209 -0.161072 -0.180079 -0.189224 -0.180822 -0.172794 -0.173064 -0.160059 0.341565 0.232599 0.357375 0.402751 0.375096 0.453300 0.326536 0.259963 0.500508 0.662153 0.474130 0.358430 0.268216 0.390900 0.622824 0.426739 0.472428 -0.114677 -0.080637 -0.112339 -0.142909 -0.160255 -0.156687 -0.123618 -0.140622 -0.171760 -0.177403 -0.180617 -0.157409 -0.201997 -0.183060 -0.179127 -0.164701 -0.178001 
206.973099 -0.201726 -0.168880 -0.198162 -0.191310 -0.186006 -0.191051 -0.195692 -0.179710 -0.175722 -0.172018 -0.162018 -0.179093 -0.194424 -0.181292 -0.173803 -0.173125 -0.160474 0.371967 0.252103 0.358301 0.405148 0.377758 0.458607 0.357560 0.267729 0.501694 0.665396 0.475869 0.360268 0.268991 0.388820 0.624571 0.429617 0.472752 -0.126690 -0.090726 -0.114678 -0.143111 -0.160150 -0.159092 -0.134204 -0.152862 -0.175173 -0.177435 -0.179705 -0.161765 -0.197663 -0.181564 -0.178047 -0.167401 -0.177980 
212.931607 -0.235256 -0.199327 -0.200819 -0.192773 -0.186854 -0.193361 -0.228322 -0.208293 -0.173013 -0.173793 -0.164180 -0.177514 -0.205028 -0.181998 -0.175957 -0.173217 -0.161329 0.437277 0.298068 0.362444 0.411623 0.384164 0.472732 0.426920 0.273265 0.507616 0.673023 0.479481 0.366031 0.275004 0.387009 0.627805 0.435104 0.473754 -0.153059 -0.115523 -0.120266 -0.143241 -0.159790 -0.164756 -0.156990 -0.177666 -0.182162 -0.177077 -0.177391 -0.170872 -0.188003 -0.178863 -0.175471 -0.172849 -0.177904 
204.836967 -0.187738 -0.155900 -0.196882 -0.190715 -0.185662 -0.189929 -0.182150 -0.168048 -0.176301 -0.171243 -0.161138 -0.179402 -0.189991 -0.180807 -0.172921 -0.172935 -0.160129 0.337975 0.230117 0.356247 0.402522 0.375105 0.452157 0.326054 0.256251 0.497735 0.661906 0.474077 0.356996 0.267090 0.389221 0.623014 0.427251 0.472396 -0.116279 -0.082328 -0.112923 -0.142869 -0.160104 -0.156681 -0.125733 -0.143543 -0.172362 -0.177440 -0.180435 -0.158087 -0.201161 -0.182344 -0.178956 -0.165276 -0.177985 
204.705187 -0.186104 -0.155724 -0.197440 -0.190690 -0.185661 -0.190533 -0.181023 -0.166483 -0.177360 -0.171283 -0.161144 -0.180404 -0.189367 -0.180894 -0.172835 -0.173158 -0.160064 0.347654 0.236615 0.358213 0.403150 0.375414 0.454736 0.330507 0.263464 0.502510 0.662719 0.474417 0.359597 0.269014 0.391752 0.622965 0.426756 0.472487 -0.115078 -0.080678 -0.112223 -0.142968 -0.160345 -0.156981 -0.123506 -0.140204 -0.171784 -0.177389 -0.180630 -0.157494 -0.202019 -0.183344 -0.179110 -0.164654 -0.178009 
203.097618 -0.175408 -0.144682 -0.195870 -0.190223 -0.185372 -0.189037 -0.170390 -0.157921 -0.176831 -0.170592 -0.160403 -0.179758 -0.186079 -0.180346 -0.172160 -0.172765 -0.159826 0.309891 0.212402 0.354933 0.400461 0.372903 0.447009 0.300132 0.245537 0.494913 0.659027 0.472510 0.354482 0.265959 0.389838 0.621541 0.425028 0.472129 -0.107390 -0.075582 -0.111551 -0.142610 -0.160049 -0.154676 -0.118447 -0.135356 -0.169908 -0.177381 -0.181013 -0.154875 -0.204153 -0.183076 -0.179699 -0.163390 -0.177986 
208.417147 -0.211738 -0.176414 -0.198087 -0.191659 -0.186218 -0.191011 -0.204685 -0.188078 -0.173892 -0.172338 -0.162515 -0.177600 -0.197562 -0.181315 -0.174391 -0.172909 -0.160749 0.372685 0.253381 0.356737 0.406121 0.378974 0.459233 0.365586 0.258141 0.497955 0.666348 0.476417 0.358713 0.268293 0.385759 0.625381 0.431412 0.472879 -0.134280 -0.098068 -0.116717 -0.143087 -0.159788 -0.160115 -0.141895 -0.162159 -0.177375 -0.177418 -0.178952 -0.164558 -0.194413 -0.179877 -0.177290 -0.169341 -0.177938 
205.415709 -0.191941 -0.159293 -0.196997 -0.190870 -0.185751 -0.190012 -0.186013 -0.171581 -0.175771 -0.171418 -0.161359 -0.178962 -0.191348 -0.180896 -0.173176 -0.172906 -0.160241 0.342724 0.233135 0.356012 0.402978 0.375642 0.452903 0.332027 0.256324 0.497040 0.662476 0.474443 0.356881 0.266837 0.388206 0.623392 0.427994 0.472449 -0.119358 -0.084977 -0.113604 -0.142904 -0.160031 -0.157187 -0.128669 -0.147098 -0.173279 -0.177462 -0.180182 -0.159235 -0.199960 -0.181788 -0.178672 -0.166039 -0.177976 
206.783388 -0.200262 -0.167954 -0.198266 -0.191264 -0.185982 -0.191162 -0.194433 -0.178464 -0.176114 -0.171987 -0.161960 -0.179440 -0.193948 -0.181306 -0.173719 -0.173186 -0.160430 0.373539 0.253114 0.358804 0.405133 0.377676 0.458976 0.357359 0.270076 0.502945 0.665390 0.475870 0.360893 0.269406 0.389646 0.624437 0.429309 0.472760 -0.125587 -0.089579 -0.114320 -0.143130 -0.160234 -0.159022 -0.132919 -0.151202 -0.174816 -0.177428 -0.179826 -0.161332 -0.198190 -0.181931 -0.178163 -0.167067 -0.177989 
206.454170 -0.198514 -0.165765 -0.197794 -0.191166 -0.185923 -0.190727 -0.192520 -0.177018 -0.175771 -0.171824 -0.161801 -0.179076 -0.193408 -0.181169 -0.173596 -0.173061 -0.160397 0.362656 0.246012 0.357588 0.404453 0.377079 0.456805 0.349312 0.264299 0.500304 0.664447 0.475418 0.359232 0.268323 0.388696 0.624192 0.429088 0.472662 -0.124267 -0.088776 -0.114298 -0.143051 -0.160120 -0.158478 -0.132333 -0.150887 -0.174540 -0.177446 -0.179871 -0.160928 -0.198440 -0.181667 -0.178259 -0.166943 -0.177980 
206.180697 -0.197739 -0.163450 -0.196870 -0.191060 -0.185865 -0.189906 -0.191103 -0.176455 -0.174640 -0.171586 -0.161627 -0.178004 -0.193207 -0.180924 -0.173514 -0.172765 -0.160401 0.342592 0.233202 0.354822 0.403398 0.376258 0.452863 0.335954 0.251264 0.494313 0.662909 0.474727 0.355678 0.265889 0.386097 0.623913 0.429102 0.472485 -0.123613 -0.088897 -0.114752 -0.142906 -0.159819 -0.157682 -0.133132 -0.152715 -0.174590 -0.177492 -0.179772 -0.160846 -0.198101 -0.180706 -0.178255 -0.167200 -0.177953 
203.891489 -0.181856 -0.149213 -0.195723 -0.190431 -0.185488 -0.188847 -0.176032 -0.163472 -0.175589 -0.170794 -0.160687 -0.178663 -0.188248 -0.180448 -0.172545 -0.172619 -0.160007 0.311604 0.213213 0.353509 0.400696 0.373456 0.446663 0.305479 0.242827 0.491533 0.659388 0.472855 0.352989 0.264352 0.387153 0.622114 0.426362 0.472138 -0.111941 -0.079533 -0.112728 -0.142634 -0.159848 -0.155149 -0.123379 -0.141816 -0.171440 -0.177472 -0.180606 -0.156673 -0.202161 -0.181801 -0.179265 -0.164725 -0.177964 
207.433237 -0.203627 -0.172186 -0.199205 -0.191458 -0.186097 -0.192042 -0.198102 -0.181302 -0.176790 -0.172305 -0.162272 -0.180170 -0.195002 -0.181575 -0.173961 -0.173431 -0.160494 0.395451 0.267485 0.361283 0.406473 0.378867 0.463360 0.373227 0.281673 0.508224 0.667242 0.476750 0.364205 0.271497 0.391468 0.624985 0.429774 0.472964 -0.128106 -0.091065 -0.114349 -0.143288 -0.160466 -0.160083 -0.134027 -0.151807 -0.175354 -0.177395 -0.179742 -0.162097 -0.197716 -0.182450 -0.177978 -0.167303 -0.178007 
203.539696 -0.177557 -0.148703 -0.197110 -0.190364 -0.185487 -0.190381 -0.173040 -0.159169 -0.178309 -0.170880 -0.160691 -0.181225 -0.186525 -0.180618 -0.172304 -0.173183 -0.159837 0.334100 0.228355 0.358456 0.402357 0.374321 0.453187 0.315617 0.259224 0.503753 0.661488 0.473641 0.359606 0.269579 0.393707 0.622020 0.425100 0.472370 -0.108881 -0.075476 -0.110959 -0.142877 -0.160434 -0.155932 -0.117615 -0.133007 -0.169875 -0.177308 -0.181090 -0.155135 -0.204353 -0.184416 -0.179661 -0.163089 -0.178023 
203.483014 -0.178164 -0.147263 -0.196135 -0.190333 -0.185438 -0.189277 -0.173036 -0.160151 -0.176779 -0.170744 -0.160571 -0.179738 -0.186945 -0.180461 -0.172330 -0.172820 -0.159892 0.316917 0.216827 0.355317 0.400962 0.373401 0.448338 0.306310 0.248527 0.495865 0.659753 0.472904 0.355211 0.266320 0.389853 0.621913 0.425513 0.472191 -0.109356 -0.076997 -0.111808 -0.142679 -0.160080 -0.155155 -0.119975 -0.137023 -0.170435 -0.177395 -0.180896 -0.155580 -0.203521 -0.182974 -0.179541 -0.163786 -0.177988 
208.978675 -0.212483 -0.180973 -0.200382 -0.191882 -0.186337 -0.193061 -0.206960 -0.188956 -0.176755 -0.172886 -0.162903 -0.180351 -0.197872 -0.181950 -0.174555 -0.173620 -0.160706 0.426069 0.287772 0.363819 0.408498 0.380901 0.469009 0.399201 0.293699 0.512899 0.669947 0.478102 0.367562 0.273620 0.392122 0.625993 0.431214 0.473268 -0.134885 -0.096614 -0.115410 -0.143445 -0.160588 -0.161882 -0.139230 -0.157271 -0.177149 -0.177347 -0.179272 -0.164411 -0.195575 -0.182226 -0.177371 -0.168561 -0.178009 
207.011903 -0.202315 -0.168875 -0.197911 -0.191311 -0.186008 -0.190820 -0.196043 -0.180215 -0.175284 -0.171984 -0.162009 -0.178688 -0.194619 -0.181232 -0.173828 -0.173031 -0.160498 0.366733 0.248757 0.357430 0.404927 0.377609 0.457556 0.354760 0.263666 0.499810 0.665022 0.475743 0.359192 0.268285 0.387883 0.624555 0.429774 0.472716 -0.127124 -0.091355 -0.114957 -0.143071 -0.160043 -0.158962 -0.135031 -0.154081 -0.175362 -0.177447 -0.179622 -0.161971 -0.197321 -0.181177 -0.177988 -0.167626 -0.177970 
201.667766 -0.164598 -0.134971 -0.195036 -0.189820 -0.185129 -0.188298 -0.160188 -0.149152 -0.177278 -0.170044 -0.159782 -0.180099 -0.182635 -0.179911 -0.171505 -0.172603 -0.159563 0.286123 0.197586 0.354027 0.398788 0.371077 0.442736 0.278321 0.235364 0.492738 0.656624 0.471148 0.352423 0.265256 0.390467 0.620225 0.423079 0.471923 -0.099810 -0.070142 -0.110507 -0.142350 -0.159980 -0.152983 -0.112219 -0.128270 -0.167783 -0.177285 -0.181469 -0.152084 -0.206699 -0.183717 -0.180310 -0.161736 -0.177983 
204.748420 -0.234897 -0.197922 -0.200099 -0.192730 -0.186865 -0.192936 -0.223677 -0.204547 -0.169587 -0.170481 -0.161093 -0.173131 -0.178625 -0.158256 -0.150560 -0.146018 -0.126626 0.418951 0.286490 0.360114 0.411506 0.383779 0.469863 0.402312 0.255240 0.494556 0.654084 0.467096 0.353458 0.226736 0.313756 0.480235 0.337339 0.349229 -0.151997 -0.114963 -0.120218 -0.142782 -0.159172 -0.163809 -0.154703 -0.176293 -0.181528 -0.176705 -0.177681 -0.169679 -0.158605 -0.152077 -0.150825 -0.145054 -0.148496 
205.130178 -0.234865 -0.197911 -0.200116 -0.192701 -0.186883 -0.192954 -0.224382 -0.204031 -0.169497 -0.170724 -0.161407 -0.173967 -0.179531 -0.159590 -0.154323 -0.150774 -0.133045 0.419328 0.286443 0.360249 0.411330 0.383826 0.470027 0.410130 0.255841 0.497238 0.659773 0.470531 0.356478 0.264872 0.338002 0.499307 0.349297 0.380586 -0.152281 -0.115026 -0.120266 -0.143047 -0.159259 -0.163864 -0.156260 -0.177252 -0.182152 -0.177464 -0.177941 -0.169843 -0.149557 -0.144313 -0.144920 -0.140769 -0.147028 
203.143550 -0.234862 -0.197901 -0.200109 -0.192692 -0.186910 -0.192991 -0.223633 -0.202550 -0.168487 -0.169836 -0.160605 -0.173381 -0.171643 -0.152892 -0.148844 -0.145690 -0.126842 0.419428 0.286211 0.360260 0.411349 0.383920 0.470064 0.411689 0.253953 0.496468 0.658973 0.469890 0.355627 0.268313 0.328034 0.467406 0.327686 0.362096 -0.152318 -0.114876 -0.120210 -0.143129 -0.159205 -0.163780 -0.156611 -0.177227 -0.182440 -0.177933 -0.178301 -0.169657 -0.133501 -0.130218 -0.132707 -0.128627 -0.136526 
199.334317 -0.234911 -0.197908 -0.200060 -0.192732 -0.186918 -0.193010 -0.221028 -0.201262 -0.167031 -0.167837 -0.158630 -0.170544 -0.156270 -0.138698 -0.131988 -0.126920 -0.103288 0.418715 0.285846 0.359987 0.411687 0.383927 0.469808 0.398245 0.250303 0.489415 0.644336 0.460526 0.347483 0.216097 0.272965 0.385542 0.272597 0.281024 -0.151794 -0.114481 -0.120012 -0.142712 -0.158908 -0.163511 -0.153836 -0.175144 -0.181606 -0.177054 -0.178198 -0.168962 -0.125722 -0.122916 -0.125005 -0.118260 -0.122490 
210.073635 -0.234843 -0.197924 -0.200143 -0.192694 -0.186840 -0.192897 -0.226388 -0.206591 -0.171420 -0.172682 -0.163208 -0.175844 -0.196718 -0.174648 -0.168668 -0.165465 -0.151602 0.419493 0.286980 0.360364 0.411180 0.383703 0.470123 0.412640 0.259810 0.501300 0.667435 0.475842 0.361049 0.269031 0.368939 0.583179 0.405582 0.440187 -0.152477 -0.115394 -0.120430 -0.143102 -0.159464 -0.164120 -0.156838 -0.177983 -0.182039 -0.177136 -0.177495 -0.170460 -0.176507 -0.168248 -0.166264 -0.163047 -0.168156 
206.854497 -0.234863 -0.197918 -0.200123 -0.192703 -0.186864 -0.192929 -0.225046 -0.205078 -0.170246 -0.171437 -0.162053 -0.174558 -0.185888 -0.165083 -0.159200 -0.155601 -0.139051 0.419321 0.286652 0.360259 0.411285 0.383773 0.470031 0.409968 0.257255 0.498331 0.661734 0.471932 0.357697 0.262462 0.346834 0.527270 0.368265 0.398285 -0.152308 -0.115155 -0.120319 -0.143026 -0.159321 -0.163948 -0.156247 -0.177398 -0.182019 -0.177226 -0.177728 -0.170038 -0.160950 -0.154370 -0.153735 -0.149717 -0.155157 
207.889761 -0.234850 -0.197916 -0.200134 -0.192694 -0.186860 -0.192924 -0.225610 -0.205439 -0.170595 -0.171879 -0.162485 -0.175148 -0.189411 -0.168278 -0.162871 -0.159648 -0.144225 0.419479 0.286738 0.360354 0.411228 0.383768 0.470094 0.412590 0.258164 0.499888 0.664842 0.473988 0.359484 0.274029 0.359686 0.549195 0.382512 0.418856 -0.152423 -0.115245 -0.120365 -0.143110 -0.159387 -0.164018 -0.156789 -0.177808 -0.182181 -0.177385 -0.177739 -0.170231 -0.163726 -0.156926 -0.156230 -0.152736 -0.158647 
205.268007 -0.234869 -0.197913 -0.200115 -0.192704 -0.186878 -0.192950 -0.224379 -0.204201 -0.169588 -0.170773 -0.161442 -0.173935 -0.180103 -0.160033 -0.154447 -0.150759 -0.132983 0.419254 0.286473 0.360249 0.411335 0.383813 0.470034 0.409240 0.255940 0.497043 0.659311 0.470266 0.356238 0.260933 0.336528 0.500138 0.349993 0.379117 -0.152252 -0.115033 -0.120266 -0.143014 -0.159255 -0.163865 -0.156080 -0.177159 -0.182064 -0.177348 -0.177880 -0.169836 -0.151751 -0.146215 -0.146506 -0.142222 -0.148087 
206.116312 -0.234856 -0.197911 -0.200126 -0.192694 -0.186878 -0.192947 -0.224917 -0.204432 -0.169864 -0.171166 -0.161836 -0.174527 -0.183094 -0.162790 -0.157858 -0.154633 -0.137920 0.419449 0.286557 0.360301 0.411283 0.383809 0.470080 0.412368 0.256733 0.498628 0.662637 0.472432 0.358095 0.274391 0.349573 0.519716 0.362666 0.399024 -0.152379 -0.115114 -0.120309 -0.143115 -0.159321 -0.163930 -0.156722 -0.177619 -0.182281 -0.177582 -0.177938 -0.170025 -0.152886 -0.147339 -0.147766 -0.144036 -0.150638 
203.198010 -0.234872 -0.197906 -0.200104 -0.192702 -0.186901 -0.192981 -0.223502 -0.202867 -0.168620 -0.169842 -0.160586 -0.173145 -0.172021 -0.153063 -0.148190 -0.144555 -0.125341 0.419263 0.286219 0.360194 0.411371 0.383864 0.470008 0.409046 0.254065 0.495567 0.656850 0.468492 0.354562 0.259431 0.322966 0.464727 0.326133 0.355229 -0.152217 -0.114866 -0.120198 -0.143032 -0.159173 -0.163761 -0.156042 -0.176911 -0.182197 -0.177616 -0.178135 -0.169580 -0.137794 -0.133899 -0.135719 -0.131265 -0.138090 
207.172041 -0.234848 -0.197913 -0.200134 -0.192689 -0.186871 -0.192937 -0.225419 -0.204929 -0.170271 -0.171615 -0.162260 -0.175026 -0.186842 -0.166108 -0.161267 -0.158244 -0.142471 0.419521 0.286651 0.360354 0.411198 0.383810 0.470118 0.413821 0.257631 0.499839 0.664919 0.473971 0.359450 0.280573 0.359502 0.540055 0.376028 0.415738 -0.152452 -0.115200 -0.120349 -0.143157 -0.159377 -0.163994 -0.157027 -0.177895 -0.182340 -0.177610 -0.177891 -0.170195 -0.157621 -0.151582 -0.151618 -0.148199 -0.154820 
204.517225 -0.234875 -0.197912 -0.200109 -0.192708 -0.186883 -0.192956 -0.223987 -0.203859 -0.169293 -0.170435 -0.161117 -0.173537 -0.177318 -0.157548 -0.151811 -0.147938 -0.129422 0.419206 0.286405 0.360201 0.411379 0.383822 0.469980 0.407898 0.255273 0.496092 0.657476 0.469017 0.355164 0.255371 0.328727 0.485476 0.340251 0.366496 -0.152192 -0.114967 -0.120235 -0.142976 -0.159211 -0.163819 -0.155802 -0.176920 -0.182001 -0.177302 -0.177907 -0.169716 -0.148671 -0.143450 -0.143956 -0.139383 -0.145086 
203.795673 -0.234875 -0.197910 -0.200105 -0.192707 -0.186891 -0.192968 -0.223690 -0.203385 -0.168953 -0.170111 -0.160822 -0.173271 -0.174488 -0.155114 -0.149665 -0.145823 -0.126825 0.419200 0.286319 0.360198 0.411383 0.383857 0.469972 0.407956 0.254630 0.495602 0.656632 0.468442 0.354609 0.255704 0.324445 0.473416 0.332096 0.358735 -0.152183 -0.114910 -0.120212 -0.142985 -0.159184 -0.163784 -0.155811 -0.176848 -0.182058 -0.177407 -0.178000 -0.169628 -0.143629 -0.139004 -0.140078 -0.135470 -0.141547 
205.307581 -0.234874 -0.197915 -0.200112 -0.192710 -0.186874 -0.192945 -0.224307 -0.204349 -0.169648 -0.170777 -0.161430 -0.173829 -0.180332 -0.160151 -0.154140 -0.150261 -0.132292 0.419185 0.286488 0.360214 0.411363 0.383787 0.469973 0.407927 0.255940 0.496636 0.658401 0.469739 0.355785 0.254760 0.333168 0.498560 0.349140 0.374967 -0.152206 -0.115029 -0.120262 -0.142969 -0.159242 -0.163859 -0.155815 -0.177005 -0.181948 -0.177202 -0.177814 -0.169812 -0.153924 -0.148088 -0.148018 -0.143503 -0.148856 
199.456664 -0.234894 -0.197902 -0.200068 -0.192716 -0.186929 -0.193023 -0.221365 -0.200812 -0.166878 -0.167902 -0.158725 -0.170974 -0.156349 -0.139203 -0.133926 -0.129463 -0.106729 0.418982 0.285810 0.360026 0.411589 0.383983 0.469890 0.402487 0.250294 0.490790 0.647680 0.462510 0.349008 0.230284 0.281944 0.391627 0.276936 0.293199 -0.151956 -0.114506 -0.120035 -0.142863 -0.158951 -0.163531 -0.154729 -0.175638 -0.181928 -0.177481 -0.178341 -0.168979 -0.119764 -0.117798 -0.121114 -0.115421 -0.121569 
204.024374 -0.234900 -0.197920 -0.200094 -0.192732 -0.186871 -0.192944 -0.223332 -0.204178 -0.169290 -0.170160 -0.160793 -0.172793 -0.175897 -0.155830 -0.148143 -0.143500 -0.123475 0.418885 0.286407 0.360082 0.411519 0.383784 0.469864 0.401565 0.254628 0.493842 0.652642 0.466154 0.352635 0.224914 0.308256 0.467559 0.328702 0.339742 -0.151958 -0.114903 -0.120190 -0.142762 -0.159137 -0.163770 -0.154541 -0.176130 -0.181519 -0.176722 -0.177740 -0.169589 -0.154908 -0.148781 -0.147844 -0.141860 -0.145291 
206.634462 -0.234866 -0.197917 -0.200121 -0.192706 -0.186864 -0.192931 -0.224912 -0.205016 -0.170175 -0.171340 -0.161956 -0.174416 -0.185137 -0.164390 -0.158353 -0.154653 -0.137830 0.419270 0.286637 0.360261 0.411308 0.383761 0.470011 0.409225 0.257062 0.497942 0.660963 0.471439 0.357276 0.259161 0.343620 0.522410 0.365088 0.393327 -0.152278 -0.115135 -0.120310 -0.143003 -0.159305 -0.163932 -0.156098 -0.177290 -0.181971 -0.177176 -0.177719 -0.169995 -0.160591 -0.154026 -0.153363 -0.149197 -0.154471 
202.970534 -0.234872 -0.197905 -0.200102 -0.192702 -0.186904 -0.192984 -0.223399 -0.202715 -0.168507 -0.169734 -0.160486 -0.173052 -0.171100 -0.152268 -0.147471 -0.143843 -0.124469 0.419273 0.286200 0.360182 0.411378 0.383880 0.470016 0.409013 0.253837 0.495362 0.656535 0.468291 0.354367 0.258904 0.321231 0.460696 0.323423 0.352399 -0.152214 -0.114847 -0.120190 -0.143033 -0.159164 -0.163749 -0.156034 -0.176878 -0.182209 -0.177643 -0.178164 -0.169551 -0.136248 -0.132535 -0.134524 -0.130049 -0.136977 
204.560149 -0.234867 -0.197909 -0.200113 -0.192700 -0.186889 -0.192963 -0.224140 -0.203682 -0.169241 -0.170473 -0.161175 -0.173747 -0.177355 -0.157706 -0.152602 -0.149053 -0.130910 0.419323 0.286405 0.360245 0.411341 0.383862 0.470021 0.409992 0.255338 0.496796 0.659040 0.470020 0.355993 0.264231 0.334197 0.489502 0.342687 0.373779 -0.152268 -0.114982 -0.120246 -0.143048 -0.159236 -0.163835 -0.156232 -0.177176 -0.182181 -0.177526 -0.178006 -0.169771 -0.145902 -0.141083 -0.142078 -0.137861 -0.144348 
204.930360 -0.234862 -0.197909 -0.200117 -0.192697 -0.186888 -0.192961 -0.224367 -0.203803 -0.169371 -0.170648 -0.161349 -0.173997 -0.178711 -0.158944 -0.154069 -0.150700 -0.132994 0.419390 0.286430 0.360262 0.411286 0.383847 0.470045 0.411200 0.255670 0.497471 0.660397 0.470901 0.356740 0.269265 0.339424 0.497712 0.348077 0.381826 -0.152318 -0.115017 -0.120265 -0.143086 -0.159264 -0.163863 -0.156480 -0.177360 -0.182261 -0.177610 -0.178024 -0.169850 -0.146682 -0.141817 -0.142823 -0.138815 -0.145569 
