155.244654 -0.144077 -0.117496 -0.148268 -0.115134 -0.108858 -0.112694 -0.131781 -0.124708 -0.129502 -0.095872 -0.091621 -0.100164 -0.112940 -0.109482 -0.098661 -0.096639 -0.085649 0.229193 0.162110 0.247559 0.243088 0.208462 0.219825 0.215431 0.195656 0.351296 0.339147 0.259864 0.191892 0.178993 0.220655 0.295861 0.204019 0.227609 -0.077997 -0.056898 -0.067329 -0.070892 -0.085375 -0.089554 -0.083909 -0.109364 -0.127286 -0.109268 -0.101775 -0.092616 -0.109572 -0.096140 -0.099560 -0.091011 -0.100145 
159.344920 -0.144242 -0.118076 -0.180759 -0.116140 -0.109415 -0.110268 -0.132595 -0.125978 -0.165625 -0.092468 -0.092776 -0.098703 -0.112567 -0.114348 -0.099235 -0.097671 -0.086066 0.230172 0.171452 0.305685 0.250818 0.207515 0.209908 0.215854 0.206118 0.434361 0.341044 0.260807 0.185268 0.179490 0.213869 0.298921 0.203834 0.228518 -0.077537 -0.061880 -0.090878 -0.072950 -0.083416 -0.084589 -0.082498 -0.116411 -0.152697 -0.114643 -0.099878 -0.088141 -0.112652 -0.092299 -0.101935 -0.088800 -0.100871 
163.194008 -0.146193 -0.121237 -0.202004 -0.119093 -0.111313 -0.112932 -0.135369 -0.128395 -0.189187 -0.092915 -0.094653 -0.102101 -0.114064 -0.119142 -0.101425 -0.100912 -0.088079 0.236512 0.185621 0.363276 0.261566 0.210818 0.213216 0.221710 0.216051 0.523127 0.352978 0.266285 0.189651 0.183411 0.219804 0.307382 0.208733 0.234405 -0.078784 -0.067480 -0.107026 -0.074867 -0.083721 -0.083965 -0.083172 -0.121038 -0.165998 -0.119152 -0.100327 -0.087353 -0.114754 -0.091967 -0.104313 -0.088257 -0.102320 
159.413031 -0.145739 -0.120736 -0.178852 -0.115987 -0.108527 -0.111381 -0.134326 -0.127498 -0.163742 -0.092989 -0.092271 -0.100219 -0.114506 -0.115931 -0.100636 -0.099493 -0.087883 0.235583 0.178025 0.311508 0.251379 0.206423 0.212694 0.220435 0.209091 0.445168 0.342430 0.260351 0.188369 0.182719 0.221796 0.305883 0.208648 0.233831 -0.078883 -0.063477 -0.087764 -0.071768 -0.082977 -0.085440 -0.083521 -0.116440 -0.148799 -0.113581 -0.099326 -0.089068 -0.113538 -0.094787 -0.103295 -0.090420 -0.102346 
158.032429 -0.146820 -0.120637 -0.168326 -0.115348 -0.108700 -0.112110 -0.135100 -0.127547 -0.151748 -0.093576 -0.092118 -0.100134 -0.114469 -0.113650 -0.099992 -0.098566 -0.087175 0.236547 0.173332 0.285936 0.247753 0.207472 0.215969 0.222173 0.206162 0.407280 0.339430 0.260107 0.190332 0.182095 0.220064 0.302328 0.207512 0.231692 -0.079323 -0.061414 -0.080621 -0.071386 -0.083726 -0.086988 -0.084438 -0.115137 -0.142397 -0.111859 -0.099795 -0.090233 -0.111905 -0.094796 -0.101887 -0.090878 -0.101597 
156.998237 -0.147258 -0.120184 -0.159783 -0.115760 -0.109549 -0.110713 -0.135140 -0.127445 -0.141800 -0.094944 -0.092754 -0.098078 -0.114153 -0.111568 -0.099364 -0.096795 -0.086173 0.235951 0.168417 0.265921 0.246440 0.208967 0.214739 0.221437 0.202776 0.377584 0.340596 0.261185 0.187827 0.180376 0.217935 0.298181 0.204779 0.228891 -0.079516 -0.059384 -0.075706 -0.072213 -0.084755 -0.087838 -0.084598 -0.113748 -0.137839 -0.111547 -0.101057 -0.091307 -0.110714 -0.095153 -0.100655 -0.091227 -0.100941 
156.158312 -0.144620 -0.118119 -0.156971 -0.112612 -0.106164 -0.112145 -0.132563 -0.125469 -0.139740 -0.092392 -0.089743 -0.100410 -0.114374 -0.112151 -0.099599 -0.098708 -0.087604 0.231137 0.165748 0.262200 0.239437 0.202910 0.216497 0.217464 0.200160 0.373978 0.329727 0.254368 0.190833 0.182037 0.221735 0.302869 0.208670 0.232988 -0.078303 -0.058624 -0.072482 -0.069069 -0.082840 -0.087396 -0.084033 -0.112052 -0.133973 -0.108263 -0.098640 -0.090629 -0.111992 -0.096108 -0.101759 -0.091737 -0.101928 
156.500931 -0.143153 -0.116171 -0.158756 -0.112781 -0.106780 -0.112374 -0.131254 -0.124244 -0.141930 -0.092253 -0.090291 -0.100854 -0.114686 -0.112908 -0.100331 -0.099648 -0.088515 0.227665 0.162059 0.261949 0.240020 0.204155 0.216428 0.214777 0.198685 0.373118 0.330014 0.256198 0.191126 0.183388 0.221273 0.306150 0.210815 0.235726 -0.077375 -0.057639 -0.074362 -0.069719 -0.083196 -0.087133 -0.083515 -0.111910 -0.136498 -0.108911 -0.099138 -0.090401 -0.113544 -0.096211 -0.102707 -0.092207 -0.102755 
160.924598 -0.147367 -0.121043 -0.187259 -0.116555 -0.109577 -0.112148 -0.135828 -0.128761 -0.172645 -0.092234 -0.093195 -0.100877 -0.114834 -0.116893 -0.101002 -0.100142 -0.088158 0.236831 0.178263 0.320445 0.253302 0.208166 0.213387 0.222655 0.212009 0.456689 0.342989 0.262518 0.189085 0.183410 0.217934 0.306717 0.209148 0.234435 -0.079678 -0.064684 -0.095771 -0.073163 -0.083334 -0.085069 -0.084487 -0.119863 -0.157188 -0.115479 -0.099584 -0.088777 -0.113988 -0.092801 -0.103722 -0.089865 -0.102514 
162.898580 -0.148108 -0.122227 -0.199458 -0.116327 -0.108763 -0.113086 -0.136866 -0.129964 -0.186570 -0.090634 -0.092619 -0.102315 -0.115953 -0.119949 -0.101878 -0.102031 -0.089441 0.238760 0.184995 0.351120 0.254495 0.205959 0.213430 0.224395 0.217201 0.504923 0.342173 0.260394 0.190259 0.184858 0.220824 0.313036 0.213018 0.238314 -0.080042 -0.067787 -0.105162 -0.072829 -0.082204 -0.083822 -0.084557 -0.122660 -0.164961 -0.116525 -0.098093 -0.087333 -0.116933 -0.093703 -0.106302 -0.090411 -0.104283 
155.811917 -0.146291 -0.114713 -0.118776 -0.116180 -0.109744 -0.163307 -0.131222 -0.122711 -0.098063 -0.099585 -0.087841 -0.155390 -0.114297 -0.107013 -0.099259 -0.111617 -0.088611 0.243571 0.149049 0.188686 0.243179 0.226368 0.342551 0.227006 0.190221 0.265404 0.335845 0.278404 0.292795 0.181876 0.232133 0.311490 0.222326 0.237467 -0.086526 -0.051459 -0.048812 -0.071407 -0.099521 -0.117290 -0.097151 -0.105067 -0.103613 -0.103695 -0.114885 -0.118853 -0.112498 -0.100857 -0.104151 -0.089097 -0.102412 
153.866198 -0.142237 -0.112218 -0.118801 -0.114106 -0.109014 -0.139897 -0.128983 -0.120410 -0.098355 -0.098276 -0.089073 -0.129549 -0.114748 -0.106989 -0.099958 -0.105860 -0.088726 0.231529 0.145802 0.189263 0.236867 0.217624 0.284272 0.217256 0.185735 0.267000 0.332044 0.268538 0.246088 0.182389 0.232117 0.310061 0.218811 0.237789 -0.080902 -0.049621 -0.049777 -0.070126 -0.093342 -0.105486 -0.089952 -0.102125 -0.104738 -0.103245 -0.109047 -0.106974 -0.113512 -0.102430 -0.103344 -0.093069 -0.103207 
155.739524 -0.147563 -0.115899 -0.120081 -0.114882 -0.107821 -0.169791 -0.131649 -0.123275 -0.099476 -0.097709 -0.085539 -0.162373 -0.111696 -0.105055 -0.096381 -0.110850 -0.085803 0.248361 0.151762 0.190249 0.240725 0.224587 0.358620 0.229957 0.192770 0.268096 0.328834 0.275084 0.305663 0.177288 0.224903 0.301426 0.216338 0.228945 -0.087840 -0.052252 -0.048548 -0.070091 -0.099575 -0.119450 -0.098594 -0.105985 -0.103972 -0.102340 -0.114415 -0.121005 -0.109460 -0.097531 -0.102084 -0.085340 -0.099679 
155.484909 -0.148561 -0.116984 -0.119681 -0.116745 -0.110624 -0.158634 -0.133532 -0.124575 -0.098306 -0.100011 -0.088855 -0.149335 -0.113043 -0.105147 -0.097518 -0.107899 -0.085711 0.247074 0.152410 0.191252 0.244392 0.226688 0.331513 0.229696 0.191884 0.267884 0.337637 0.277875 0.283099 0.177343 0.226344 0.302649 0.215664 0.229000 -0.087257 -0.052532 -0.049560 -0.071734 -0.098744 -0.115524 -0.096873 -0.105958 -0.104403 -0.104183 -0.114133 -0.117121 -0.110227 -0.099545 -0.102357 -0.088795 -0.100576 
154.078003 -0.143862 -0.113760 -0.117657 -0.112577 -0.105650 -0.150256 -0.128922 -0.121649 -0.097135 -0.096474 -0.085478 -0.142643 -0.113234 -0.105944 -0.097974 -0.107497 -0.087550 0.238543 0.148169 0.186285 0.234116 0.214545 0.307510 0.220357 0.188555 0.262940 0.324352 0.265937 0.262204 0.179019 0.229237 0.306656 0.215851 0.234121 -0.084512 -0.050658 -0.048150 -0.068952 -0.094701 -0.110653 -0.093489 -0.103496 -0.103199 -0.101332 -0.110071 -0.113192 -0.111709 -0.100629 -0.103026 -0.089157 -0.101867 
154.438208 -0.144422 -0.114337 -0.118049 -0.114538 -0.108090 -0.149098 -0.130006 -0.122088 -0.097177 -0.098513 -0.087848 -0.140750 -0.114060 -0.106421 -0.099274 -0.107814 -0.088265 0.239435 0.149239 0.188079 0.239221 0.219304 0.305693 0.222202 0.188978 0.264289 0.332533 0.271856 0.261943 0.181212 0.231420 0.309313 0.217926 0.236261 -0.084365 -0.050802 -0.048765 -0.070247 -0.095323 -0.110400 -0.093400 -0.103415 -0.103267 -0.102691 -0.111091 -0.112809 -0.111450 -0.100904 -0.102961 -0.090154 -0.102075 
155.174750 -0.145373 -0.113922 -0.117318 -0.115112 -0.108091 -0.162653 -0.129680 -0.122005 -0.096466 -0.098501 -0.086547 -0.155565 -0.112676 -0.105536 -0.097646 -0.109992 -0.086850 0.241767 0.147347 0.185742 0.241078 0.223467 0.339229 0.223675 0.188731 0.260577 0.331244 0.275568 0.288073 0.177804 0.228016 0.306994 0.217868 0.232393 -0.086383 -0.050919 -0.048051 -0.070558 -0.098510 -0.116675 -0.096608 -0.104347 -0.102497 -0.102355 -0.113938 -0.119032 -0.111827 -0.100141 -0.103707 -0.087874 -0.101432 
156.155597 -0.145510 -0.113749 -0.119343 -0.117396 -0.110412 -0.171364 -0.129623 -0.121709 -0.098759 -0.100206 -0.087471 -0.164123 -0.111890 -0.105690 -0.097362 -0.111721 -0.086421 0.242309 0.147800 0.189837 0.246369 0.230025 0.363501 0.225038 0.188846 0.266193 0.338209 0.281828 0.308710 0.177589 0.227746 0.305334 0.218529 0.231282 -0.086823 -0.051492 -0.048724 -0.072075 -0.101841 -0.121028 -0.098163 -0.104745 -0.103028 -0.104331 -0.117313 -0.122532 -0.111566 -0.099246 -0.103475 -0.086238 -0.100715 
155.080281 -0.144284 -0.113445 -0.118084 -0.114591 -0.107164 -0.162935 -0.128513 -0.121403 -0.097605 -0.097900 -0.085643 -0.156276 -0.112273 -0.105738 -0.097356 -0.110091 -0.086845 0.239975 0.147603 0.187367 0.239677 0.221457 0.339333 0.221689 0.188382 0.263325 0.329395 0.273260 0.287790 0.177477 0.228520 0.306569 0.217279 0.232359 -0.085840 -0.051118 -0.047974 -0.070008 -0.098246 -0.116561 -0.096124 -0.103965 -0.102310 -0.102137 -0.113592 -0.118831 -0.112046 -0.100139 -0.103752 -0.087291 -0.101390 
154.586578 -0.144922 -0.114908 -0.120281 -0.115036 -0.108784 -0.148940 -0.130653 -0.122429 -0.099432 -0.098668 -0.088396 -0.140096 -0.113406 -0.106127 -0.098780 -0.107128 -0.087445 0.240398 0.150758 0.192191 0.240753 0.220519 0.305435 0.223419 0.190063 0.270198 0.334148 0.272790 0.262324 0.180391 0.228983 0.305965 0.216009 0.233703 -0.084309 -0.051322 -0.049892 -0.070529 -0.095358 -0.110070 -0.093322 -0.103991 -0.104937 -0.103363 -0.111109 -0.112198 -0.110303 -0.099582 -0.102018 -0.089369 -0.101119 
169.253608 -0.149109 -0.118787 -0.128388 -0.188713 -0.191863 -0.121237 -0.143188 -0.127045 -0.098454 -0.172791 -0.163602 -0.094206 -0.120218 -0.106301 -0.116446 -0.090641 -0.083651 0.234578 0.150240 0.226343 0.402803 0.392149 0.267308 0.227828 0.180021 0.292255 0.685208 0.450849 0.208885 0.190626 0.241026 0.301436 0.205011 0.231259 -0.072809 -0.043817 -0.069925 -0.139012 -0.143198 -0.116161 -0.082102 -0.091941 -0.119354 -0.169318 -0.170168 -0.118300 -0.112326 -0.110311 -0.096974 -0.103312 -0.100780 
163.162786 -0.147061 -0.117376 -0.125682 -0.166257 -0.166798 -0.118532 -0.138970 -0.125259 -0.097841 -0.150174 -0.141641 -0.096024 -0.117554 -0.105379 -0.110863 -0.091844 -0.084009 0.233672 0.149858 0.216096 0.353752 0.333010 0.253773 0.223312 0.181609 0.284744 0.564682 0.393599 0.204353 0.186059 0.234808 0.298500 0.203408 0.229103 -0.075074 -0.045628 -0.064954 -0.117383 -0.125433 -0.109542 -0.082843 -0.094917 -0.115618 -0.149233 -0.150094 -0.111969 -0.109874 -0.106410 -0.096762 -0.099605 -0.099967 
161.827949 -0.147127 -0.117389 -0.124491 -0.158175 -0.157452 -0.117399 -0.138338 -0.125698 -0.097772 -0.142503 -0.133502 -0.096396 -0.119834 -0.107713 -0.111213 -0.094468 -0.087226 0.233327 0.149813 0.212042 0.331544 0.309001 0.249445 0.222578 0.182627 0.282912 0.523551 0.368079 0.202541 0.189571 0.241042 0.307432 0.209987 0.237651 -0.076373 -0.046809 -0.063038 -0.110244 -0.119880 -0.107689 -0.083869 -0.096930 -0.114490 -0.142700 -0.143257 -0.110201 -0.112956 -0.108839 -0.099486 -0.101665 -0.103071 
163.754064 -0.147112 -0.117613 -0.127787 -0.167091 -0.167713 -0.119260 -0.139272 -0.125452 -0.099991 -0.150790 -0.142455 -0.096743 -0.118275 -0.106412 -0.111554 -0.092549 -0.084624 0.234708 0.151073 0.219756 0.355283 0.335287 0.255465 0.224257 0.183006 0.290239 0.567905 0.395962 0.205791 0.187420 0.236482 0.301115 0.205297 0.231053 -0.075017 -0.045876 -0.066291 -0.118281 -0.126259 -0.109899 -0.082839 -0.095249 -0.117456 -0.150247 -0.150854 -0.112194 -0.111414 -0.107448 -0.097802 -0.100384 -0.100850 
161.622285 -0.147159 -0.118088 -0.126173 -0.157213 -0.156274 -0.116101 -0.138579 -0.125853 -0.099698 -0.141374 -0.132352 -0.095124 -0.119460 -0.107673 -0.110558 -0.093835 -0.086786 0.235112 0.152682 0.215174 0.328113 0.305364 0.246099 0.223806 0.184759 0.288293 0.518334 0.362980 0.200218 0.189266 0.240101 0.304634 0.208468 0.236166 -0.075949 -0.047307 -0.063464 -0.109324 -0.118834 -0.106501 -0.083195 -0.096954 -0.115416 -0.142261 -0.141888 -0.108762 -0.112410 -0.108281 -0.098742 -0.101050 -0.102554 
162.966917 -0.147216 -0.117828 -0.128647 -0.163952 -0.164167 -0.118130 -0.139032 -0.125538 -0.101124 -0.147460 -0.139314 -0.096095 -0.117529 -0.106084 -0.110366 -0.092128 -0.084155 0.234407 0.151843 0.220964 0.348292 0.327062 0.251639 0.223870 0.183532 0.292844 0.552144 0.387300 0.203690 0.186086 0.234207 0.298588 0.203740 0.229146 -0.075214 -0.046665 -0.066201 -0.115160 -0.123457 -0.108318 -0.082859 -0.096198 -0.117772 -0.147645 -0.147658 -0.110697 -0.110290 -0.106104 -0.097143 -0.099377 -0.100163 
164.046020 -0.146180 -0.117368 -0.126480 -0.166320 -0.165400 -0.118498 -0.138403 -0.125505 -0.099794 -0.150667 -0.139097 -0.095521 -0.120861 -0.108900 -0.112603 -0.094171 -0.087692 0.233297 0.151196 0.216679 0.332648 0.314782 0.256207 0.222510 0.183022 0.290737 0.551773 0.366179 0.203136 0.192456 0.245814 0.303921 0.209582 0.240208 -0.075018 -0.046023 -0.065134 -0.119760 -0.128594 -0.111417 -0.082826 -0.095115 -0.117229 -0.152152 -0.151831 -0.112619 -0.115069 -0.111319 -0.098603 -0.102477 -0.103804 
166.830516 -0.149441 -0.118968 -0.128747 -0.178418 -0.180564 -0.120627 -0.142520 -0.127212 -0.099520 -0.162238 -0.154072 -0.095876 -0.120211 -0.107007 -0.114941 -0.092316 -0.084871 0.236269 0.151112 0.224376 0.384038 0.368209 0.262095 0.228195 0.182207 0.292300 0.629768 0.430374 0.208547 0.190366 0.239994 0.305158 0.207410 0.233195 -0.074672 -0.045313 -0.068862 -0.128721 -0.134619 -0.113137 -0.083295 -0.094665 -0.119174 -0.159789 -0.160621 -0.115667 -0.112341 -0.109348 -0.098318 -0.102788 -0.101516 
164.444976 -0.148383 -0.119074 -0.128297 -0.167325 -0.166510 -0.117127 -0.140617 -0.127106 -0.101190 -0.151419 -0.140005 -0.093522 -0.121148 -0.108795 -0.112470 -0.093303 -0.087256 0.236405 0.153460 0.219997 0.332820 0.316455 0.253358 0.226120 0.185001 0.295552 0.554678 0.366306 0.200655 0.192557 0.244141 0.301179 0.208286 0.238752 -0.075484 -0.046803 -0.066577 -0.120776 -0.128879 -0.110706 -0.083200 -0.096499 -0.119432 -0.153334 -0.151946 -0.112033 -0.113871 -0.110476 -0.097609 -0.102359 -0.103244 
166.129122 -0.149002 -0.118916 -0.127853 -0.176701 -0.178487 -0.119616 -0.141998 -0.126883 -0.098918 -0.160630 -0.151993 -0.095069 -0.119572 -0.106428 -0.114138 -0.092001 -0.084724 0.236003 0.151569 0.222744 0.377699 0.360971 0.259514 0.227760 0.182257 0.290947 0.619887 0.421521 0.206640 0.190115 0.239102 0.302041 0.205754 0.232360 -0.074497 -0.045386 -0.067800 -0.127173 -0.133326 -0.112374 -0.083011 -0.094401 -0.118122 -0.158525 -0.159043 -0.114760 -0.110699 -0.108004 -0.096780 -0.101544 -0.100607 
162.495619 -0.229925 -0.184946 -0.125330 -0.113356 -0.108109 -0.115490 -0.213392 -0.189431 -0.089060 -0.098533 -0.094713 -0.092820 -0.137754 -0.106746 -0.104945 -0.095517 -0.090483 0.353296 0.229115 0.211978 0.234974 0.209262 0.247329 0.368313 0.211364 0.287067 0.328783 0.256689 0.205955 0.199513 0.233473 0.306404 0.218569 0.237956 -0.132300 -0.099340 -0.060859 -0.067508 -0.083260 -0.105110 -0.132757 -0.155141 -0.121955 -0.100069 -0.093603 -0.111142 -0.082783 -0.096278 -0.093942 -0.104673 -0.102572 
158.587787 -0.208320 -0.164973 -0.120903 -0.112598 -0.107675 -0.112985 -0.190981 -0.171325 -0.088353 -0.097666 -0.093234 -0.092088 -0.130641 -0.104621 -0.102114 -0.093822 -0.087895 0.314366 0.199283 0.201258 0.232600 0.207779 0.236857 0.318675 0.204179 0.274103 0.326550 0.255624 0.198544 0.190608 0.227174 0.299342 0.211985 0.231351 -0.117439 -0.082737 -0.057205 -0.067752 -0.083314 -0.100832 -0.118974 -0.141163 -0.116507 -0.100259 -0.095463 -0.106570 -0.088651 -0.096258 -0.094263 -0.101522 -0.101057 
158.614583 -0.203512 -0.163034 -0.121531 -0.113716 -0.108731 -0.114489 -0.188028 -0.168738 -0.089951 -0.099089 -0.094196 -0.094843 -0.131430 -0.106090 -0.103599 -0.095899 -0.089437 0.327515 0.207256 0.202122 0.235609 0.210799 0.239723 0.323441 0.218558 0.276753 0.331828 0.260050 0.202395 0.194277 0.232475 0.305579 0.215688 0.236279 -0.114685 -0.079387 -0.056231 -0.068519 -0.084445 -0.101291 -0.116095 -0.137246 -0.115477 -0.100975 -0.097036 -0.106652 -0.091513 -0.098255 -0.095742 -0.101981 -0.102255 
159.076636 -0.206178 -0.166014 -0.124087 -0.114210 -0.109237 -0.115816 -0.190909 -0.170985 -0.092074 -0.099181 -0.094635 -0.095955 -0.130697 -0.105349 -0.102627 -0.095054 -0.087924 0.337145 0.214736 0.207173 0.237735 0.212458 0.242904 0.332260 0.223739 0.283516 0.333058 0.261452 0.205076 0.192843 0.229006 0.300613 0.212585 0.231612 -0.116379 -0.081499 -0.057461 -0.068607 -0.084572 -0.101925 -0.117534 -0.139103 -0.117278 -0.101230 -0.096891 -0.107067 -0.089290 -0.096381 -0.094427 -0.100533 -0.100745 
156.381689 -0.189938 -0.152272 -0.120746 -0.112530 -0.107842 -0.112385 -0.175144 -0.158061 -0.091540 -0.097735 -0.092872 -0.094077 -0.126512 -0.104451 -0.101058 -0.094076 -0.086916 0.311958 0.196921 0.198219 0.232687 0.208444 0.232016 0.300542 0.219086 0.273933 0.327302 0.257070 0.197269 0.188243 0.226601 0.297799 0.209534 0.229530 -0.105397 -0.070544 -0.054572 -0.068034 -0.083673 -0.097981 -0.107236 -0.128367 -0.113532 -0.100539 -0.096990 -0.102579 -0.094662 -0.097737 -0.095297 -0.099284 -0.100684 
161.389353 -0.225152 -0.178906 -0.121676 -0.113817 -0.109204 -0.117872 -0.207710 -0.184226 -0.085825 -0.098969 -0.095055 -0.095292 -0.135044 -0.105073 -0.103945 -0.095364 -0.089272 0.334353 0.213499 0.204536 0.236387 0.212626 0.251445 0.350422 0.201103 0.275400 0.330150 0.260621 0.209374 0.195730 0.229549 0.303327 0.216521 0.234590 -0.129368 -0.094688 -0.059312 -0.068186 -0.084468 -0.105662 -0.130528 -0.151379 -0.119137 -0.100061 -0.095382 -0.111802 -0.082766 -0.095197 -0.093433 -0.103209 -0.101345 
158.571473 -0.204969 -0.162167 -0.122301 -0.112566 -0.107570 -0.113522 -0.187752 -0.168834 -0.090603 -0.097474 -0.093158 -0.093333 -0.130906 -0.106119 -0.103351 -0.095762 -0.089654 0.307828 0.195868 0.203666 0.233374 0.207942 0.236833 0.312280 0.203335 0.278335 0.327628 0.256885 0.199672 0.193345 0.230392 0.305010 0.215547 0.236448 -0.115456 -0.081211 -0.057669 -0.067738 -0.083339 -0.100313 -0.117609 -0.140126 -0.117061 -0.100626 -0.095722 -0.106180 -0.090082 -0.096498 -0.095299 -0.101601 -0.101917 
160.549478 -0.218043 -0.175836 -0.125158 -0.113711 -0.108707 -0.117097 -0.202342 -0.180216 -0.091059 -0.098596 -0.094347 -0.095702 -0.132816 -0.104730 -0.102151 -0.094118 -0.087190 0.352962 0.226031 0.210172 0.236067 0.211297 0.248426 0.354405 0.223537 0.286368 0.329515 0.258426 0.208067 0.193333 0.227171 0.296963 0.211668 0.228905 -0.124204 -0.089834 -0.058950 -0.067927 -0.084260 -0.104108 -0.124900 -0.146820 -0.119639 -0.100497 -0.095341 -0.109127 -0.085164 -0.095156 -0.093027 -0.101131 -0.100172 
159.357298 -0.213445 -0.168772 -0.119541 -0.111625 -0.106791 -0.114279 -0.196086 -0.175212 -0.086247 -0.097110 -0.092696 -0.093031 -0.133849 -0.106012 -0.103946 -0.095916 -0.090394 0.318747 0.201725 0.199092 0.229993 0.206338 0.240865 0.327552 0.202270 0.270885 0.323181 0.253981 0.201855 0.195516 0.232649 0.307146 0.218181 0.238478 -0.121037 -0.086000 -0.056818 -0.066939 -0.083085 -0.102184 -0.122659 -0.144192 -0.116196 -0.099150 -0.094567 -0.107951 -0.088658 -0.097798 -0.095491 -0.103808 -0.102968 
159.889432 -0.216336 -0.174710 -0.124353 -0.112470 -0.107201 -0.115723 -0.200714 -0.178918 -0.090539 -0.097513 -0.093073 -0.094772 -0.131536 -0.104038 -0.101376 -0.093462 -0.086737 0.354020 0.226139 0.207884 0.232747 0.207738 0.244904 0.352864 0.225702 0.284182 0.325090 0.254629 0.205198 0.192273 0.225436 0.293543 0.208978 0.227356 -0.123307 -0.088433 -0.058162 -0.067267 -0.083441 -0.103261 -0.123665 -0.145551 -0.119063 -0.099759 -0.094635 -0.108489 -0.083806 -0.093869 -0.091791 -0.099553 -0.099155 
164.803508 -0.144019 -0.115071 -0.119419 -0.112583 -0.107786 -0.111242 -0.136615 -0.128259 -0.102113 -0.101937 -0.095300 -0.102992 -0.166845 -0.150239 -0.143877 -0.142084 -0.145086 0.231361 0.150872 0.192557 0.232261 0.208061 0.222175 0.225875 0.197122 0.280913 0.346715 0.272318 0.203448 0.253776 0.369649 0.549137 0.372454 0.419108 -0.079382 -0.051386 -0.052114 -0.069666 -0.086527 -0.093240 -0.088550 -0.105721 -0.107697 -0.103246 -0.101943 -0.098290 -0.183878 -0.168600 -0.159641 -0.158945 -0.163427 
159.860503 -0.142707 -0.113611 -0.119515 -0.113471 -0.108775 -0.112874 -0.133558 -0.125367 -0.100889 -0.101238 -0.094600 -0.103271 -0.148737 -0.134949 -0.128976 -0.127034 -0.124757 0.226839 0.147616 0.192834 0.234729 0.210334 0.224803 0.219627 0.191182 0.277450 0.345052 0.271157 0.202486 0.235333 0.321952 0.456373 0.311796 0.352365 -0.078384 -0.050567 -0.052200 -0.070113 -0.087011 -0.093460 -0.087281 -0.104483 -0.107480 -0.103923 -0.103144 -0.098041 -0.157305 -0.144055 -0.137830 -0.135360 -0.141047 
162.812750 -0.142915 -0.114007 -0.118681 -0.111221 -0.106486 -0.109161 -0.135343 -0.126665 -0.101233 -0.100439 -0.094107 -0.100983 -0.161707 -0.145907 -0.140769 -0.139016 -0.141160 0.228857 0.148789 0.190495 0.228979 0.204837 0.217206 0.224940 0.195084 0.278816 0.342459 0.268926 0.199634 0.266955 0.363526 0.525942 0.357247 0.412616 -0.078606 -0.050595 -0.051681 -0.068874 -0.085258 -0.091767 -0.088248 -0.105430 -0.107973 -0.102934 -0.101065 -0.097104 -0.171648 -0.157533 -0.149908 -0.149422 -0.154423 
161.687372 -0.142213 -0.113514 -0.119972 -0.111830 -0.107038 -0.109170 -0.133971 -0.125900 -0.102333 -0.100343 -0.094022 -0.100159 -0.156841 -0.142076 -0.135642 -0.133253 -0.134201 0.226536 0.148329 0.193122 0.230392 0.205731 0.216886 0.220354 0.193245 0.280759 0.341679 0.267620 0.197353 0.246458 0.343948 0.497096 0.338329 0.383827 -0.077790 -0.050605 -0.052316 -0.069081 -0.085417 -0.091480 -0.086764 -0.104679 -0.108237 -0.103127 -0.101204 -0.096348 -0.169335 -0.154876 -0.147318 -0.146018 -0.151084 
166.888756 -0.143289 -0.113680 -0.117460 -0.112161 -0.107750 -0.112649 -0.136687 -0.128064 -0.100576 -0.102255 -0.095811 -0.105415 -0.174235 -0.156327 -0.151250 -0.150603 -0.155163 0.228536 0.147442 0.188917 0.231991 0.209078 0.224997 0.226857 0.196453 0.276856 0.347960 0.276039 0.208716 0.274515 0.396203 0.597815 0.404502 0.459835 -0.079329 -0.050844 -0.051433 -0.069345 -0.086548 -0.093744 -0.089942 -0.106292 -0.106728 -0.102502 -0.101773 -0.099138 -0.191978 -0.175983 -0.167149 -0.167084 -0.171116 
160.489305 -0.143349 -0.113654 -0.117410 -0.112435 -0.107970 -0.110367 -0.134365 -0.126125 -0.098819 -0.100784 -0.094436 -0.100700 -0.153025 -0.137790 -0.131954 -0.129284 -0.128883 0.226774 0.146331 0.188609 0.231901 0.208214 0.219698 0.220063 0.191291 0.272038 0.341977 0.269283 0.198563 0.237597 0.331025 0.475136 0.323996 0.365118 -0.078453 -0.050170 -0.051463 -0.069494 -0.085960 -0.092334 -0.087322 -0.104754 -0.106730 -0.102832 -0.101858 -0.097248 -0.163594 -0.150105 -0.142860 -0.141578 -0.146379 
163.450211 -0.141437 -0.112726 -0.117890 -0.109757 -0.104855 -0.110213 -0.134212 -0.125806 -0.100984 -0.099352 -0.092859 -0.103069 -0.164753 -0.148837 -0.144046 -0.143765 -0.146166 0.225681 0.147047 0.189253 0.226074 0.202203 0.218741 0.223834 0.194157 0.278075 0.338736 0.267318 0.203022 0.279466 0.378471 0.549422 0.372995 0.433611 -0.078188 -0.050507 -0.050812 -0.067512 -0.084489 -0.091742 -0.088756 -0.105411 -0.106725 -0.101678 -0.100119 -0.097274 -0.174952 -0.160400 -0.153077 -0.152221 -0.157475 
160.231103 -0.142148 -0.112976 -0.116641 -0.110351 -0.105774 -0.112054 -0.133533 -0.124986 -0.098635 -0.098952 -0.092363 -0.103156 -0.153229 -0.138349 -0.132618 -0.131612 -0.130695 0.227159 0.146686 0.186603 0.226981 0.204286 0.222734 0.220984 0.191841 0.270970 0.334912 0.264872 0.202469 0.245939 0.336777 0.480269 0.328496 0.373293 -0.078098 -0.049773 -0.050190 -0.067816 -0.085154 -0.092575 -0.087348 -0.103916 -0.105606 -0.101298 -0.100675 -0.097052 -0.162741 -0.149196 -0.142325 -0.140463 -0.146034 
166.239405 -0.142824 -0.113394 -0.117531 -0.112188 -0.107683 -0.111249 -0.135838 -0.127693 -0.100527 -0.102067 -0.095656 -0.103660 -0.172247 -0.154656 -0.148860 -0.147463 -0.151965 0.227238 0.147013 0.189066 0.231937 0.208488 0.221827 0.223864 0.195397 0.276190 0.346645 0.274378 0.204899 0.260201 0.385072 0.582818 0.394363 0.443005 -0.078822 -0.050630 -0.051521 -0.069319 -0.086188 -0.092991 -0.088844 -0.105642 -0.106581 -0.102330 -0.101464 -0.098455 -0.191881 -0.175741 -0.166591 -0.166373 -0.170348 
163.454828 -0.143509 -0.114490 -0.118495 -0.110626 -0.105889 -0.111364 -0.135913 -0.127346 -0.101210 -0.099882 -0.093395 -0.103099 -0.163928 -0.147606 -0.141553 -0.140521 -0.142604 0.229912 0.149901 0.190638 0.227874 0.204462 0.221726 0.225415 0.195941 0.278533 0.338991 0.267446 0.203537 0.259132 0.365901 0.535853 0.364710 0.413980 -0.078935 -0.051185 -0.051114 -0.067893 -0.085116 -0.092508 -0.088492 -0.105576 -0.106694 -0.101621 -0.100278 -0.097241 -0.177782 -0.162989 -0.154919 -0.154052 -0.158801 
