154.094861 -0.108955 -0.105348 -0.120852 -0.122445 -0.131650 -0.125845 -0.076039 -0.099991 -0.103335 -0.108603 -0.113959 -0.116926 -0.082328 -0.121624 -0.118351 -0.114471 -0.105683 0.232985 0.186524 0.206836 0.247199 0.311615 0.328125 0.175023 0.218269 0.279522 0.303975 0.285515 0.251877 0.222630 0.304185 0.260187 0.200850 0.292722 -0.073626 -0.050878 -0.038062 -0.068045 -0.092813 -0.107269 -0.068350 -0.085143 -0.108028 -0.116857 -0.099975 -0.077398 -0.094967 -0.108837 -0.087503 -0.061600 -0.113835 
149.675204 -0.112858 -0.107742 -0.116919 -0.109255 -0.116735 -0.116070 -0.082572 -0.101819 -0.099556 -0.094863 -0.101716 -0.109839 -0.076207 -0.113038 -0.108670 -0.106024 -0.095366 0.238190 0.191406 0.195369 0.209119 0.259793 0.290342 0.184819 0.221732 0.266905 0.257665 0.242691 0.230474 0.200561 0.275649 0.237285 0.185712 0.258770 -0.072869 -0.052008 -0.034615 -0.057103 -0.079536 -0.097129 -0.067507 -0.086386 -0.104310 -0.103309 -0.086121 -0.070218 -0.086525 -0.099973 -0.081030 -0.056851 -0.104836 
153.232047 -0.116768 -0.111556 -0.122353 -0.115140 -0.124028 -0.131421 -0.082182 -0.105911 -0.104433 -0.100039 -0.107426 -0.123601 -0.082691 -0.118398 -0.113959 -0.114831 -0.102671 0.254127 0.201517 0.209553 0.226464 0.286726 0.343764 0.191212 0.233163 0.282709 0.277155 0.264629 0.266178 0.217507 0.288501 0.250030 0.197938 0.280202 -0.079244 -0.055527 -0.037889 -0.061990 -0.087601 -0.108999 -0.073462 -0.092057 -0.109038 -0.109848 -0.093809 -0.078447 -0.091216 -0.101136 -0.083407 -0.056834 -0.108518 
152.861821 -0.105143 -0.102750 -0.128058 -0.122741 -0.130008 -0.114472 -0.075030 -0.096740 -0.111109 -0.107004 -0.113659 -0.106094 -0.076933 -0.118838 -0.114636 -0.107716 -0.099743 0.220337 0.182387 0.224197 0.248847 0.301618 0.287286 0.167001 0.211957 0.299929 0.299577 0.279647 0.223624 0.207472 0.291880 0.251462 0.189415 0.273658 -0.069323 -0.050243 -0.042223 -0.068316 -0.088447 -0.097868 -0.063190 -0.083648 -0.111974 -0.114991 -0.095678 -0.070813 -0.090787 -0.104758 -0.084692 -0.059259 -0.109442 
153.398711 -0.107161 -0.103397 -0.120535 -0.124270 -0.132793 -0.117074 -0.076441 -0.098633 -0.102299 -0.110323 -0.115556 -0.107950 -0.081735 -0.119826 -0.117700 -0.110767 -0.103945 0.225952 0.180380 0.206500 0.252611 0.312649 0.298737 0.172074 0.213404 0.277713 0.308926 0.287664 0.231648 0.218894 0.297026 0.257114 0.197701 0.286676 -0.070838 -0.048784 -0.038336 -0.069701 -0.091680 -0.101174 -0.065255 -0.083517 -0.108422 -0.117488 -0.099146 -0.074106 -0.093005 -0.106627 -0.085329 -0.062330 -0.111985 
152.541101 -0.106547 -0.102997 -0.124666 -0.126344 -0.134935 -0.117766 -0.074427 -0.097465 -0.105559 -0.110814 -0.116117 -0.107246 -0.073260 -0.113138 -0.110270 -0.103637 -0.093986 0.224647 0.179581 0.215383 0.259156 0.319866 0.300874 0.167307 0.210814 0.288273 0.314013 0.290591 0.229673 0.192924 0.270293 0.231734 0.176774 0.253676 -0.070736 -0.048708 -0.039824 -0.071308 -0.093263 -0.101611 -0.064206 -0.083692 -0.112091 -0.120021 -0.100474 -0.073696 -0.084837 -0.097737 -0.077251 -0.053957 -0.103045 
150.971641 -0.104109 -0.101280 -0.126216 -0.116970 -0.125355 -0.124466 -0.070277 -0.094747 -0.109599 -0.100285 -0.107503 -0.115953 -0.070592 -0.112089 -0.106439 -0.105812 -0.092569 0.219956 0.179989 0.215686 0.231922 0.289305 0.317852 0.162033 0.209828 0.293995 0.280964 0.265350 0.244250 0.188340 0.264725 0.226646 0.175784 0.247941 -0.070502 -0.050232 -0.038749 -0.063485 -0.087366 -0.103183 -0.065172 -0.084050 -0.110578 -0.111664 -0.094064 -0.072908 -0.084383 -0.093941 -0.076613 -0.049352 -0.100364 
152.393233 -0.094964 -0.092501 -0.116595 -0.121170 -0.129739 -0.116731 -0.064462 -0.088506 -0.100702 -0.107334 -0.113625 -0.109411 -0.082392 -0.122758 -0.120512 -0.115616 -0.109535 0.195674 0.158121 0.194813 0.244382 0.302588 0.293116 0.148582 0.192716 0.266682 0.296460 0.282783 0.231696 0.229442 0.308504 0.273079 0.211695 0.305340 -0.063560 -0.043573 -0.035764 -0.067909 -0.089362 -0.098161 -0.060623 -0.076438 -0.103131 -0.112797 -0.097061 -0.071684 -0.098820 -0.109438 -0.090296 -0.065185 -0.115694 
150.758789 -0.096720 -0.093892 -0.121002 -0.113722 -0.122632 -0.126360 -0.063064 -0.088734 -0.106260 -0.098019 -0.105506 -0.119864 -0.074611 -0.117209 -0.111639 -0.113179 -0.100820 0.201283 0.163939 0.201587 0.222642 0.281016 0.320843 0.149344 0.197009 0.279680 0.270977 0.260462 0.252103 0.206462 0.283872 0.247514 0.195888 0.274688 -0.065893 -0.046345 -0.035702 -0.061142 -0.085808 -0.101887 -0.063126 -0.079664 -0.105322 -0.107908 -0.092727 -0.072345 -0.092201 -0.099972 -0.083879 -0.055039 -0.107295 
150.287778 -0.105526 -0.100849 -0.111207 -0.112456 -0.120838 -0.115305 -0.075040 -0.096695 -0.094198 -0.099682 -0.105078 -0.108619 -0.081167 -0.117216 -0.114583 -0.111025 -0.103357 0.220407 0.173972 0.183423 0.217446 0.273268 0.289704 0.169847 0.208792 0.251337 0.271601 0.255115 0.229717 0.217928 0.291126 0.253467 0.200406 0.284084 -0.069105 -0.047103 -0.033011 -0.059923 -0.082979 -0.097497 -0.064857 -0.081747 -0.100199 -0.106938 -0.090569 -0.071187 -0.092551 -0.104802 -0.084927 -0.062028 -0.110531 
151.355952 -0.104151 -0.099337 -0.109395 -0.119503 -0.129809 -0.129374 -0.069078 -0.095155 -0.091579 -0.106505 -0.111657 -0.120793 -0.076568 -0.114832 -0.113392 -0.111836 -0.100187 0.220379 0.170121 0.180927 0.238293 0.306316 0.337833 0.163190 0.204585 0.244073 0.291892 0.280607 0.261487 0.206663 0.282299 0.246422 0.193842 0.273164 -0.070666 -0.046024 -0.033145 -0.066246 -0.092093 -0.107654 -0.067042 -0.080298 -0.098274 -0.111890 -0.098726 -0.077870 -0.090163 -0.102321 -0.082558 -0.056919 -0.107644 
156.287947 -0.114148 -0.108878 -0.121273 -0.126216 -0.135563 -0.125135 -0.082212 -0.104712 -0.102576 -0.112881 -0.118433 -0.116261 -0.089076 -0.126777 -0.125088 -0.118622 -0.112272 0.245490 0.192161 0.209616 0.258673 0.324244 0.326906 0.187676 0.226216 0.280621 0.316363 0.297554 0.253478 0.242417 0.324147 0.281349 0.216320 0.316846 -0.076107 -0.051855 -0.039076 -0.071270 -0.095135 -0.107141 -0.070431 -0.088279 -0.110027 -0.119230 -0.101957 -0.078902 -0.100815 -0.116618 -0.094515 -0.069847 -0.121478 
156.943743 -0.111206 -0.106125 -0.119671 -0.126027 -0.135345 -0.125778 -0.080090 -0.102698 -0.101861 -0.112989 -0.119022 -0.117988 -0.094344 -0.130887 -0.129687 -0.124316 -0.119237 0.237749 0.186661 0.205998 0.258523 0.323614 0.327411 0.184393 0.223268 0.276105 0.314658 0.299790 0.257954 0.261647 0.340683 0.300462 0.233946 0.341438 -0.074205 -0.050639 -0.038669 -0.071452 -0.094922 -0.106438 -0.070032 -0.086769 -0.107585 -0.117567 -0.101722 -0.079085 -0.106691 -0.120449 -0.099291 -0.074761 -0.126201 
153.594407 -0.111547 -0.106714 -0.117714 -0.115255 -0.123405 -0.117632 -0.081874 -0.102504 -0.100751 -0.102285 -0.108253 -0.111132 -0.090413 -0.125882 -0.122703 -0.118402 -0.113108 0.236717 0.188608 0.198793 0.225745 0.281778 0.298770 0.185043 0.223540 0.271864 0.281728 0.263785 0.237052 0.246159 0.322177 0.280077 0.220096 0.318874 -0.073285 -0.051294 -0.036048 -0.061960 -0.085072 -0.100179 -0.068424 -0.086977 -0.106149 -0.110222 -0.092657 -0.073566 -0.101066 -0.114364 -0.093761 -0.070209 -0.120251 
150.241960 -0.106163 -0.102150 -0.115640 -0.107278 -0.115282 -0.118101 -0.074313 -0.097207 -0.099908 -0.093706 -0.099981 -0.112238 -0.079861 -0.118716 -0.113410 -0.112172 -0.103293 0.223264 0.179340 0.191318 0.203572 0.256860 0.297107 0.169133 0.212553 0.265848 0.256671 0.240472 0.234109 0.217116 0.295761 0.253494 0.199116 0.285017 -0.070609 -0.049468 -0.033695 -0.055541 -0.079674 -0.098695 -0.065664 -0.084161 -0.103285 -0.104305 -0.087245 -0.070419 -0.093821 -0.106336 -0.087227 -0.060905 -0.111883 
148.065283 -0.093234 -0.090063 -0.106589 -0.111095 -0.120536 -0.121802 -0.059221 -0.085696 -0.090881 -0.097815 -0.103581 -0.114808 -0.070606 -0.111754 -0.108619 -0.108171 -0.096692 0.191899 0.151502 0.170557 0.214627 0.274693 0.307509 0.140582 0.184955 0.237521 0.264987 0.254897 0.240560 0.194881 0.271785 0.237272 0.186450 0.261813 -0.063100 -0.041565 -0.029808 -0.059695 -0.084312 -0.100038 -0.060534 -0.073872 -0.095112 -0.104903 -0.091596 -0.071026 -0.088308 -0.098959 -0.080899 -0.053945 -0.104457 
150.848165 -0.105865 -0.101462 -0.114438 -0.111574 -0.119947 -0.118719 -0.073499 -0.097170 -0.097780 -0.098243 -0.104140 -0.112019 -0.079897 -0.118812 -0.114902 -0.112068 -0.103620 0.222672 0.176131 0.190248 0.215381 0.271303 0.300176 0.167643 0.210491 0.261113 0.269122 0.252919 0.235695 0.217427 0.296683 0.256327 0.199832 0.286493 -0.070545 -0.048239 -0.034275 -0.059150 -0.082976 -0.099665 -0.065454 -0.083547 -0.102700 -0.107079 -0.090413 -0.071719 -0.094097 -0.107428 -0.087781 -0.061989 -0.112706 
153.906649 -0.118416 -0.114048 -0.129993 -0.119873 -0.127335 -0.120975 -0.088625 -0.107043 -0.112308 -0.103999 -0.110997 -0.113308 -0.080738 -0.118935 -0.113997 -0.109849 -0.099456 0.254979 0.209631 0.229886 0.239585 0.293701 0.309186 0.198990 0.236535 0.306165 0.290215 0.271102 0.242408 0.212353 0.292209 0.249005 0.192445 0.272240 -0.077222 -0.057286 -0.042807 -0.065112 -0.087436 -0.102272 -0.070921 -0.091630 -0.114094 -0.112999 -0.093789 -0.074487 -0.089981 -0.104154 -0.083893 -0.059244 -0.108843 
155.550106 -0.117985 -0.113104 -0.130956 -0.123139 -0.132123 -0.131883 -0.084415 -0.106941 -0.112646 -0.106758 -0.114274 -0.123099 -0.083125 -0.120600 -0.116068 -0.115085 -0.103065 0.257425 0.206638 0.231384 0.250201 0.312952 0.347256 0.195172 0.236830 0.308445 0.301478 0.285804 0.267711 0.219099 0.293218 0.253103 0.198496 0.282177 -0.079735 -0.056975 -0.042659 -0.068269 -0.093180 -0.110070 -0.073672 -0.093615 -0.116105 -0.116966 -0.099174 -0.079807 -0.092095 -0.102390 -0.083986 -0.057724 -0.109653 
153.704738 -0.104474 -0.101158 -0.130826 -0.125511 -0.134874 -0.129434 -0.070247 -0.095165 -0.113349 -0.108040 -0.115805 -0.119838 -0.074402 -0.115760 -0.111256 -0.110060 -0.097080 0.221873 0.179541 0.226639 0.258210 0.322340 0.336282 0.163849 0.211517 0.307285 0.307194 0.293008 0.257394 0.199007 0.273741 0.238000 0.184978 0.261725 -0.071288 -0.050075 -0.040787 -0.070879 -0.094986 -0.107160 -0.066496 -0.085104 -0.115528 -0.118733 -0.101273 -0.076708 -0.087753 -0.095880 -0.078964 -0.051706 -0.103603 
152.590350 -0.114406 -0.109111 -0.118330 -0.110645 -0.119777 -0.131318 -0.080026 -0.103814 -0.101459 -0.096400 -0.103832 -0.124785 -0.083853 -0.120523 -0.115615 -0.117412 -0.105730 0.247321 0.195772 0.198129 0.213696 0.273520 0.342039 0.186716 0.228777 0.272647 0.264706 0.254010 0.267022 0.225121 0.299500 0.258986 0.205562 0.291895 -0.077425 -0.053981 -0.034756 -0.058498 -0.084829 -0.107999 -0.072579 -0.089970 -0.106051 -0.106357 -0.091245 -0.077313 -0.094909 -0.105896 -0.087949 -0.060067 -0.112588 
150.911442 -0.109052 -0.105055 -0.119005 -0.117175 -0.125309 -0.118941 -0.077319 -0.099210 -0.101222 -0.102654 -0.108409 -0.110759 -0.074740 -0.113270 -0.109686 -0.105813 -0.095208 0.230493 0.185268 0.202319 0.231286 0.287871 0.302190 0.174639 0.215458 0.272037 0.283413 0.265469 0.235129 0.197428 0.274657 0.235523 0.182432 0.257680 -0.071899 -0.050425 -0.037221 -0.063472 -0.086394 -0.100736 -0.066250 -0.084334 -0.105524 -0.110684 -0.093305 -0.072757 -0.086055 -0.099325 -0.079377 -0.055177 -0.104128 
153.776671 -0.106310 -0.102813 -0.125194 -0.121862 -0.131772 -0.135103 -0.070365 -0.097244 -0.108367 -0.106067 -0.112646 -0.126213 -0.077383 -0.118394 -0.113578 -0.114485 -0.101198 0.228054 0.183061 0.215904 0.246007 0.313523 0.357061 0.167360 0.215323 0.291048 0.298436 0.284955 0.272940 0.209285 0.286761 0.246464 0.193878 0.275679 -0.073573 -0.051131 -0.039771 -0.067459 -0.094136 -0.111162 -0.069175 -0.085995 -0.109732 -0.116153 -0.100555 -0.079213 -0.091500 -0.100712 -0.082624 -0.054222 -0.107663 
151.381469 -0.102575 -0.099855 -0.123880 -0.119482 -0.128342 -0.122294 -0.069679 -0.093578 -0.107141 -0.103911 -0.109508 -0.113243 -0.071837 -0.113514 -0.108431 -0.106093 -0.094529 0.215697 0.175732 0.210394 0.238366 0.299343 0.313400 0.159947 0.205788 0.288201 0.293028 0.272744 0.239864 0.192688 0.271579 0.229781 0.178424 0.254826 -0.069099 -0.048586 -0.037775 -0.065291 -0.089764 -0.103123 -0.064080 -0.081800 -0.109773 -0.115482 -0.097196 -0.073269 -0.085956 -0.097233 -0.077704 -0.051816 -0.102793 
152.167501 -0.107487 -0.103838 -0.127596 -0.124083 -0.132604 -0.121233 -0.075420 -0.097676 -0.109330 -0.107582 -0.113518 -0.111680 -0.071820 -0.111474 -0.107452 -0.103974 -0.091734 0.227045 0.183955 0.222551 0.252033 0.311891 0.309793 0.171145 0.214129 0.296509 0.304132 0.283222 0.239215 0.188237 0.262168 0.224693 0.175368 0.245085 -0.071269 -0.050587 -0.041463 -0.068911 -0.091750 -0.102036 -0.065686 -0.085166 -0.112340 -0.117475 -0.098496 -0.074047 -0.082964 -0.093250 -0.074405 -0.050840 -0.099451 
152.712635 -0.105286 -0.101806 -0.129296 -0.112942 -0.120701 -0.120142 -0.074918 -0.096273 -0.114578 -0.096579 -0.104852 -0.114313 -0.083082 -0.122679 -0.116102 -0.116025 -0.106764 0.221411 0.182722 0.220983 0.220560 0.272770 0.301772 0.170815 0.216294 0.307453 0.270448 0.254691 0.239600 0.226353 0.300616 0.261412 0.207499 0.294810 -0.070139 -0.051483 -0.038896 -0.060028 -0.083028 -0.098751 -0.065961 -0.086728 -0.113558 -0.109105 -0.090304 -0.071028 -0.096406 -0.104002 -0.087719 -0.060976 -0.112408 
152.916167 -0.112584 -0.108672 -0.124235 -0.126139 -0.134371 -0.121709 -0.081228 -0.102234 -0.105336 -0.110757 -0.116577 -0.112117 -0.075087 -0.113074 -0.110624 -0.105272 -0.093888 0.239992 0.194214 0.218253 0.258429 0.317979 0.312783 0.183349 0.222372 0.285316 0.309078 0.290905 0.242419 0.195273 0.271723 0.234443 0.180421 0.252693 -0.073960 -0.052600 -0.041776 -0.070957 -0.092788 -0.103527 -0.068046 -0.086146 -0.108811 -0.116442 -0.099041 -0.075834 -0.084222 -0.097468 -0.077243 -0.054109 -0.102218 
155.411028 -0.105499 -0.102250 -0.125440 -0.111067 -0.118752 -0.120581 -0.075488 -0.097966 -0.111902 -0.096870 -0.104529 -0.116099 -0.095830 -0.135561 -0.128979 -0.128099 -0.124145 0.222911 0.183398 0.213190 0.215138 0.267822 0.304618 0.173032 0.219452 0.299102 0.269343 0.253718 0.243621 0.274027 0.356654 0.309786 0.243987 0.360397 -0.070982 -0.051649 -0.037903 -0.058683 -0.082328 -0.100073 -0.067065 -0.087057 -0.110766 -0.108307 -0.090336 -0.072176 -0.112797 -0.123470 -0.105297 -0.076930 -0.130585 
155.531436 -0.116173 -0.112298 -0.132851 -0.122005 -0.130562 -0.132207 -0.083005 -0.105474 -0.115992 -0.105582 -0.112863 -0.124171 -0.081795 -0.122116 -0.116288 -0.115664 -0.103229 0.252597 0.207258 0.237182 0.246467 0.307560 0.347224 0.191734 0.235379 0.315519 0.297515 0.281392 0.268535 0.219116 0.300670 0.255993 0.199482 0.284010 -0.078457 -0.057555 -0.044559 -0.066982 -0.092024 -0.109574 -0.072765 -0.092419 -0.115411 -0.115807 -0.098098 -0.078859 -0.093597 -0.105444 -0.086309 -0.058385 -0.111283 
150.957153 -0.111524 -0.107337 -0.122609 -0.114362 -0.122010 -0.117524 -0.080441 -0.101284 -0.105085 -0.099177 -0.105501 -0.109894 -0.076351 -0.113744 -0.109034 -0.106219 -0.095653 0.236554 0.191492 0.209646 0.223223 0.276557 0.296935 0.180823 0.221768 0.283630 0.275136 0.255769 0.232065 0.199980 0.273652 0.234038 0.183264 0.258297 -0.073312 -0.052471 -0.038128 -0.060836 -0.083646 -0.099352 -0.067246 -0.087379 -0.108778 -0.109466 -0.090682 -0.071707 -0.086117 -0.097668 -0.078614 -0.054841 -0.103593 
153.314204 -0.113717 -0.109736 -0.128400 -0.114773 -0.122993 -0.127036 -0.080643 -0.103640 -0.111739 -0.098786 -0.106166 -0.119587 -0.082179 -0.119588 -0.113543 -0.114165 -0.102837 0.245546 0.199799 0.223148 0.225230 0.281937 0.328141 0.185774 0.230908 0.302611 0.277246 0.260216 0.254602 0.217477 0.290029 0.248627 0.197026 0.280641 -0.076971 -0.055664 -0.040553 -0.061192 -0.086047 -0.105680 -0.071103 -0.091766 -0.113080 -0.111227 -0.092856 -0.075647 -0.091789 -0.100667 -0.083040 -0.056574 -0.108459 
152.776528 -0.114851 -0.110212 -0.125501 -0.114352 -0.122285 -0.126384 -0.082146 -0.104264 -0.108224 -0.098474 -0.106618 -0.119334 -0.082027 -0.118367 -0.113407 -0.113594 -0.101980 0.247417 0.199789 0.215975 0.224787 0.279370 0.324352 0.188658 0.231159 0.292283 0.272469 0.259932 0.254264 0.216102 0.287152 0.250369 0.197488 0.277937 -0.076923 -0.055281 -0.038925 -0.061462 -0.085045 -0.104487 -0.071337 -0.091280 -0.110819 -0.108254 -0.091294 -0.075404 -0.090920 -0.100181 -0.083389 -0.057047 -0.107845 
153.578298 -0.112789 -0.108447 -0.122769 -0.121877 -0.130097 -0.119346 -0.083250 -0.102718 -0.104856 -0.107474 -0.113459 -0.111344 -0.083201 -0.119961 -0.117041 -0.111885 -0.103535 0.239849 0.193944 0.211970 0.245243 0.303331 0.304898 0.187471 0.224708 0.284171 0.298822 0.280138 0.239624 0.220797 0.297545 0.257020 0.200272 0.284957 -0.073570 -0.052566 -0.039234 -0.067262 -0.089654 -0.101702 -0.068498 -0.086658 -0.109083 -0.114414 -0.096529 -0.074804 -0.092492 -0.105940 -0.085181 -0.062184 -0.111221 
155.138427 -0.119618 -0.113097 -0.115908 -0.127141 -0.136938 -0.128436 -0.086937 -0.108296 -0.095339 -0.114025 -0.119589 -0.118700 -0.085505 -0.119680 -0.119899 -0.114048 -0.104857 0.260131 0.199933 0.198342 0.261626 0.330007 0.339492 0.199429 0.231906 0.262233 0.316333 0.301721 0.262268 0.224497 0.299578 0.262376 0.202683 0.289849 -0.079253 -0.052974 -0.036819 -0.072435 -0.096580 -0.110166 -0.073451 -0.088881 -0.106162 -0.117758 -0.102525 -0.081576 -0.092700 -0.108550 -0.086697 -0.063649 -0.113249 
153.984854 -0.124210 -0.118239 -0.124447 -0.116617 -0.125454 -0.130888 -0.090974 -0.111558 -0.105639 -0.101592 -0.108567 -0.122895 -0.081872 -0.117650 -0.113142 -0.112317 -0.099609 0.273395 0.217559 0.216087 0.229957 0.290648 0.344208 0.209322 0.244655 0.288818 0.281868 0.266574 0.266575 0.213128 0.288519 0.245749 0.192912 0.272027 -0.082814 -0.059230 -0.039338 -0.062536 -0.088300 -0.109646 -0.076226 -0.095176 -0.111279 -0.111229 -0.094159 -0.079330 -0.089473 -0.103037 -0.083179 -0.057558 -0.108328 
154.318415 -0.111301 -0.107504 -0.128485 -0.117293 -0.124457 -0.116938 -0.081589 -0.102260 -0.111989 -0.101800 -0.109796 -0.110345 -0.087213 -0.125937 -0.121075 -0.116486 -0.110044 0.236312 0.193342 0.223182 0.233312 0.283954 0.294230 0.182778 0.226005 0.303738 0.283426 0.266610 0.232705 0.237278 0.317010 0.276696 0.212554 0.308535 -0.073433 -0.053408 -0.040660 -0.063877 -0.084866 -0.098863 -0.067467 -0.089287 -0.113995 -0.111160 -0.091982 -0.071959 -0.099414 -0.111757 -0.093154 -0.067144 -0.118256 
152.854999 -0.121100 -0.114135 -0.116263 -0.114985 -0.123924 -0.125699 -0.089169 -0.109085 -0.097381 -0.101570 -0.107724 -0.118465 -0.084290 -0.118154 -0.115488 -0.113361 -0.102806 0.262328 0.204273 0.197532 0.224619 0.284575 0.325865 0.204029 0.235729 0.264446 0.277731 0.263015 0.256776 0.221215 0.293846 0.254413 0.201895 0.282802 -0.079412 -0.055063 -0.036169 -0.061422 -0.086421 -0.105440 -0.073903 -0.091580 -0.104980 -0.108697 -0.092632 -0.077466 -0.091842 -0.105781 -0.085578 -0.062070 -0.111114 
154.017401 -0.113220 -0.108170 -0.119823 -0.131616 -0.140927 -0.119532 -0.082631 -0.102933 -0.099681 -0.118278 -0.120741 -0.108344 -0.078103 -0.114270 -0.113589 -0.105483 -0.096664 0.240725 0.189180 0.209195 0.273421 0.341174 0.310372 0.185784 0.219937 0.273549 0.335468 0.306131 0.238736 0.202508 0.277863 0.236027 0.184564 0.261978 -0.073531 -0.050164 -0.040232 -0.075059 -0.098077 -0.104236 -0.067834 -0.084755 -0.108058 -0.124502 -0.105496 -0.077845 -0.085865 -0.100941 -0.077176 -0.058044 -0.105159 
154.032014 -0.119343 -0.113884 -0.126798 -0.117204 -0.124896 -0.120750 -0.088277 -0.108535 -0.108326 -0.101812 -0.109392 -0.113176 -0.085751 -0.121074 -0.116977 -0.113446 -0.104672 0.257707 0.205872 0.221026 0.232437 0.286024 0.308355 0.199137 0.237190 0.296555 0.283549 0.265850 0.241916 0.225553 0.298148 0.259441 0.202170 0.288771 -0.078648 -0.056227 -0.040485 -0.063442 -0.085808 -0.102225 -0.071780 -0.093926 -0.113862 -0.111539 -0.092374 -0.074794 -0.093490 -0.105336 -0.086624 -0.062419 -0.112263 
152.363228 -0.113776 -0.108685 -0.119423 -0.113683 -0.121855 -0.121457 -0.082777 -0.103464 -0.102118 -0.099525 -0.106291 -0.114837 -0.083979 -0.119959 -0.116007 -0.113946 -0.104680 0.242833 0.194060 0.202224 0.221631 0.277241 0.309640 0.188129 0.226572 0.275165 0.273376 0.258261 0.244711 0.223905 0.298132 0.258522 0.203889 0.288757 -0.074905 -0.052998 -0.036422 -0.060647 -0.084285 -0.101782 -0.069818 -0.088446 -0.106724 -0.108012 -0.091061 -0.074089 -0.093785 -0.105968 -0.086865 -0.062224 -0.112075 
152.854911 -0.115671 -0.110473 -0.118330 -0.127704 -0.136212 -0.117662 -0.085689 -0.104934 -0.097969 -0.113660 -0.118548 -0.107572 -0.078827 -0.112412 -0.112266 -0.104873 -0.095588 0.246555 0.194689 0.205678 0.262557 0.323377 0.301860 0.191780 0.224818 0.267330 0.316068 0.295903 0.235186 0.201073 0.271044 0.236491 0.183824 0.257166 -0.074680 -0.051565 -0.039477 -0.072426 -0.093441 -0.102097 -0.068659 -0.086054 -0.105842 -0.117375 -0.099965 -0.076252 -0.083884 -0.097474 -0.076241 -0.056725 -0.102643 
153.872583 -0.112062 -0.107847 -0.127237 -0.121995 -0.131138 -0.131172 -0.077881 -0.101655 -0.109565 -0.105924 -0.112900 -0.122469 -0.077370 -0.117468 -0.112864 -0.111903 -0.098866 0.241290 0.194187 0.221601 0.246432 0.309707 0.343432 0.180657 0.224361 0.296691 0.297217 0.282577 0.264550 0.206294 0.284532 0.244376 0.190438 0.269056 -0.075803 -0.053670 -0.040857 -0.067401 -0.092516 -0.108745 -0.070465 -0.088726 -0.111959 -0.115359 -0.098619 -0.078205 -0.089624 -0.100843 -0.082206 -0.055043 -0.106898 
153.363594 -0.105400 -0.102102 -0.125321 -0.129483 -0.138687 -0.121787 -0.073200 -0.096382 -0.106657 -0.114206 -0.118275 -0.110891 -0.073694 -0.113773 -0.110828 -0.105393 -0.094881 0.222370 0.178779 0.218209 0.268284 0.334337 0.315038 0.166683 0.209523 0.290486 0.326125 0.300375 0.240181 0.194630 0.271822 0.230770 0.179285 0.255632 -0.070272 -0.048670 -0.040988 -0.073618 -0.097066 -0.104434 -0.064876 -0.082647 -0.111577 -0.123527 -0.104395 -0.076084 -0.085361 -0.097452 -0.076208 -0.053491 -0.102841 
154.692516 -0.122833 -0.117844 -0.130218 -0.113887 -0.120921 -0.121123 -0.093314 -0.111297 -0.113111 -0.098361 -0.106372 -0.114894 -0.088466 -0.124479 -0.118641 -0.115961 -0.107345 0.267258 0.219151 0.229032 0.222865 0.273334 0.308977 0.210192 0.247117 0.309284 0.273355 0.255599 0.244272 0.234789 0.312434 0.267951 0.208521 0.298977 -0.080442 -0.060088 -0.041655 -0.060385 -0.082969 -0.102204 -0.073690 -0.096051 -0.115493 -0.109069 -0.089471 -0.074294 -0.096551 -0.110111 -0.090757 -0.065218 -0.115953 
153.460291 -0.108793 -0.104839 -0.121771 -0.119160 -0.127761 -0.123963 -0.077575 -0.099319 -0.105012 -0.104630 -0.111386 -0.116734 -0.083217 -0.122016 -0.118271 -0.115567 -0.106354 0.230820 0.186610 0.207327 0.237933 0.297220 0.318191 0.177574 0.218547 0.282139 0.289697 0.275583 0.249965 0.225770 0.305060 0.264703 0.206508 0.294790 -0.072249 -0.051168 -0.037575 -0.065412 -0.089016 -0.103680 -0.068017 -0.085094 -0.107856 -0.112130 -0.095783 -0.075304 -0.095799 -0.108227 -0.088740 -0.062736 -0.113900 
153.827197 -0.109861 -0.106273 -0.129705 -0.119486 -0.128531 -0.133609 -0.074478 -0.100078 -0.112918 -0.102660 -0.110519 -0.125122 -0.078048 -0.118346 -0.112613 -0.113878 -0.100418 0.236917 0.192176 0.225804 0.239718 0.301708 0.350183 0.174889 0.223363 0.305075 0.289132 0.276119 0.268390 0.208780 0.284478 0.245175 0.192052 0.272846 -0.075618 -0.053862 -0.041114 -0.065532 -0.091094 -0.109728 -0.070353 -0.089408 -0.113560 -0.114062 -0.097308 -0.077955 -0.090601 -0.099114 -0.082189 -0.053413 -0.106717 
153.625863 -0.100820 -0.098996 -0.133407 -0.124968 -0.133158 -0.122708 -0.068552 -0.092528 -0.117656 -0.107985 -0.114702 -0.113889 -0.072696 -0.118945 -0.112976 -0.108948 -0.098017 0.211294 0.176560 0.235805 0.255822 0.314497 0.312892 0.156671 0.205380 0.317204 0.306836 0.287271 0.240814 0.200292 0.289056 0.245648 0.186189 0.268026 -0.067997 -0.049606 -0.044335 -0.069922 -0.092496 -0.102344 -0.062851 -0.082392 -0.115222 -0.118513 -0.099477 -0.072936 -0.090628 -0.103231 -0.083869 -0.055408 -0.108037 
154.410597 -0.110244 -0.107093 -0.131250 -0.120543 -0.127961 -0.120907 -0.079526 -0.101122 -0.114804 -0.104371 -0.112051 -0.113493 -0.083248 -0.123216 -0.118093 -0.114527 -0.105756 0.234726 0.193984 0.231597 0.242692 0.296152 0.307236 0.179755 0.224646 0.310967 0.292436 0.275369 0.240785 0.224779 0.305068 0.264328 0.203504 0.292740 -0.073426 -0.053884 -0.043220 -0.066328 -0.087999 -0.101534 -0.067646 -0.088734 -0.114517 -0.113642 -0.094812 -0.073566 -0.095534 -0.106955 -0.088391 -0.061944 -0.113378 
156.527610 -0.116488 -0.112553 -0.133427 -0.125849 -0.134661 -0.130792 -0.084187 -0.105654 -0.115778 -0.109461 -0.117026 -0.121947 -0.083895 -0.123619 -0.118825 -0.116123 -0.105218 0.253418 0.207057 0.236775 0.258856 0.321796 0.344139 0.193221 0.235534 0.317450 0.310274 0.294102 0.264692 0.224364 0.305794 0.261929 0.201593 0.290913 -0.078374 -0.056934 -0.043385 -0.070714 -0.094956 -0.110059 -0.072511 -0.091732 -0.117958 -0.119131 -0.101037 -0.079541 -0.094742 -0.107473 -0.087719 -0.060355 -0.113293 
154.670009 -0.104250 -0.101049 -0.124751 -0.112456 -0.120791 -0.125710 -0.071717 -0.096531 -0.110652 -0.097793 -0.105620 -0.120349 -0.089802 -0.131420 -0.124981 -0.125086 -0.118165 0.220962 0.180160 0.211265 0.219366 0.275532 0.321298 0.166813 0.215530 0.295474 0.272076 0.258780 0.253210 0.254948 0.339502 0.294384 0.229907 0.337887 -0.071190 -0.050810 -0.037443 -0.060042 -0.084681 -0.103457 -0.067092 -0.086195 -0.110235 -0.109081 -0.092199 -0.073781 -0.107843 -0.118674 -0.100855 -0.070549 -0.125549 
152.579835 -0.107195 -0.103286 -0.124704 -0.111193 -0.119272 -0.125261 -0.073889 -0.098425 -0.109167 -0.095519 -0.103858 -0.119179 -0.083416 -0.122506 -0.116491 -0.117548 -0.107418 0.227954 0.184248 0.211376 0.216043 0.269974 0.318674 0.171288 0.219089 0.292324 0.264994 0.252602 0.250527 0.227374 0.302252 0.264087 0.208157 0.297460 -0.072831 -0.051779 -0.037389 -0.059079 -0.083065 -0.102559 -0.067999 -0.088238 -0.110258 -0.107009 -0.089976 -0.073228 -0.096991 -0.105354 -0.089289 -0.060811 -0.113530 
151.280281 -0.112887 -0.108542 -0.124308 -0.113788 -0.121556 -0.121993 -0.080664 -0.102352 -0.106844 -0.097926 -0.105215 -0.114502 -0.076859 -0.113729 -0.108720 -0.107905 -0.095909 0.241182 0.195224 0.213486 0.222323 0.275914 0.310204 0.183435 0.225592 0.288089 0.271344 0.255409 0.242452 0.200525 0.271361 0.234049 0.184530 0.258000 -0.074985 -0.053862 -0.038756 -0.060612 -0.083858 -0.101670 -0.069059 -0.089288 -0.109599 -0.108287 -0.090375 -0.073190 -0.085953 -0.095638 -0.078161 -0.053300 -0.102620 
150.045752 -0.096030 -0.093081 -0.119633 -0.111338 -0.120557 -0.128000 -0.060618 -0.088206 -0.104780 -0.095566 -0.103152 -0.121243 -0.072312 -0.115386 -0.109399 -0.111882 -0.098674 0.200532 0.161575 0.197380 0.215963 0.275063 0.326153 0.145469 0.195643 0.275872 0.264549 0.254313 0.253906 0.200248 0.277118 0.240880 0.190301 0.267694 -0.066345 -0.045830 -0.034371 -0.059292 -0.084836 -0.102964 -0.063093 -0.079993 -0.104965 -0.106863 -0.091764 -0.072271 -0.090619 -0.098040 -0.082433 -0.052689 -0.105598 
152.008759 -0.117720 -0.112132 -0.118235 -0.127394 -0.136142 -0.118770 -0.087076 -0.105814 -0.097080 -0.112889 -0.117492 -0.107962 -0.073436 -0.107161 -0.106706 -0.099864 -0.088482 0.251934 0.198242 0.204778 0.261164 0.323362 0.306063 0.194894 0.226274 0.266210 0.314572 0.293361 0.236440 0.184127 0.253143 0.218344 0.169857 0.234704 -0.075814 -0.052279 -0.038803 -0.071898 -0.093662 -0.103107 -0.069359 -0.086469 -0.106324 -0.117614 -0.099963 -0.076595 -0.078083 -0.091969 -0.070686 -0.051529 -0.096511 
156.927866 -0.111224 -0.107240 -0.129422 -0.124587 -0.133364 -0.128660 -0.079601 -0.101793 -0.112906 -0.109286 -0.116954 -0.121290 -0.088394 -0.129851 -0.125597 -0.121975 -0.113888 0.238361 0.193608 0.226364 0.255118 0.316862 0.334686 0.182939 0.225697 0.306333 0.306602 0.293215 0.262037 0.245697 0.332725 0.289181 0.221806 0.322781 -0.074556 -0.053474 -0.041609 -0.069983 -0.093585 -0.107194 -0.069956 -0.088285 -0.114305 -0.116860 -0.099976 -0.077996 -0.103657 -0.117594 -0.097852 -0.069280 -0.122953 
153.133715 -0.103133 -0.100291 -0.120610 -0.113708 -0.121885 -0.121304 -0.071320 -0.095412 -0.105720 -0.099899 -0.106297 -0.115154 -0.084907 -0.126584 -0.121258 -0.118941 -0.112047 0.217080 0.177122 0.203588 0.222018 0.278269 0.308301 0.163901 0.210255 0.281379 0.276443 0.260318 0.241981 0.238051 0.324463 0.278765 0.215842 0.316144 -0.069599 -0.049312 -0.036830 -0.060887 -0.084910 -0.101476 -0.065198 -0.083162 -0.106395 -0.109584 -0.092634 -0.072545 -0.102208 -0.115542 -0.095667 -0.067293 -0.120721 
152.747843 -0.108874 -0.104686 -0.117618 -0.124496 -0.132823 -0.114454 -0.078286 -0.100204 -0.098679 -0.111280 -0.115396 -0.104889 -0.080504 -0.117315 -0.116043 -0.107838 -0.101316 0.229534 0.181390 0.202272 0.252420 0.311853 0.291388 0.174879 0.214244 0.268101 0.310627 0.286387 0.225802 0.212900 0.289829 0.250128 0.192417 0.277930 -0.071369 -0.048542 -0.038511 -0.069645 -0.091176 -0.099922 -0.065149 -0.083649 -0.105869 -0.117506 -0.098839 -0.073687 -0.090351 -0.105050 -0.082764 -0.061561 -0.109813 
156.118925 -0.114803 -0.110472 -0.124244 -0.123505 -0.132233 -0.128338 -0.081909 -0.105556 -0.106306 -0.109281 -0.115772 -0.119923 -0.089508 -0.126509 -0.123545 -0.120086 -0.112167 0.248964 0.198605 0.217027 0.251155 0.313592 0.336214 0.188817 0.231258 0.289096 0.305406 0.289648 0.260152 0.241992 0.320742 0.278941 0.215614 0.314893 -0.077784 -0.054352 -0.040786 -0.069085 -0.093116 -0.108868 -0.071920 -0.090366 -0.110545 -0.116427 -0.099719 -0.079403 -0.099916 -0.112843 -0.092570 -0.066459 -0.118981 
152.171382 -0.101986 -0.099229 -0.124625 -0.112055 -0.119513 -0.117397 -0.071093 -0.094179 -0.110074 -0.096942 -0.104194 -0.111642 -0.081939 -0.123929 -0.117661 -0.115629 -0.107965 0.213096 0.175686 0.211669 0.217656 0.269061 0.293440 0.161647 0.208862 0.293200 0.269114 0.252399 0.232113 0.227784 0.310855 0.268290 0.208499 0.301345 -0.068234 -0.049361 -0.038117 -0.059412 -0.082063 -0.097453 -0.063596 -0.083710 -0.109245 -0.108001 -0.089727 -0.069659 -0.098800 -0.110005 -0.091882 -0.064038 -0.116302 
152.581479 -0.106403 -0.103135 -0.127726 -0.120801 -0.129076 -0.122178 -0.073979 -0.096993 -0.110613 -0.104484 -0.111638 -0.113673 -0.074688 -0.116464 -0.111612 -0.108246 -0.097141 0.224924 0.183330 0.220636 0.243198 0.300702 0.311621 0.168279 0.213702 0.298930 0.293331 0.276358 0.240877 0.200690 0.281315 0.241868 0.185326 0.264259 -0.071178 -0.050747 -0.040141 -0.066655 -0.089433 -0.102371 -0.065562 -0.085076 -0.112696 -0.114461 -0.096161 -0.073350 -0.088663 -0.100541 -0.081893 -0.055111 -0.106212 
155.095355 -0.109396 -0.106365 -0.130514 -0.123480 -0.132228 -0.131623 -0.075301 -0.100289 -0.113687 -0.107084 -0.114610 -0.122881 -0.081866 -0.121849 -0.116948 -0.116323 -0.104893 0.235648 0.192600 0.229559 0.251844 0.313994 0.344611 0.175656 0.223705 0.307707 0.302126 0.288198 0.264535 0.220137 0.297722 0.257806 0.200229 0.287962 -0.075075 -0.053736 -0.042631 -0.069046 -0.093460 -0.109440 -0.069866 -0.088633 -0.113898 -0.116695 -0.099817 -0.078423 -0.093963 -0.103290 -0.085410 -0.057251 -0.110644 
152.473546 -0.110285 -0.106063 -0.118205 -0.121239 -0.129932 -0.119322 -0.078494 -0.101049 -0.099632 -0.107699 -0.112100 -0.109968 -0.080406 -0.116352 -0.113894 -0.109050 -0.100629 0.234815 0.185972 0.201833 0.242606 0.303831 0.307106 0.177940 0.218394 0.270571 0.301031 0.278283 0.236691 0.211039 0.284215 0.243540 0.190615 0.274066 -0.073398 -0.050211 -0.037496 -0.066698 -0.090324 -0.103166 -0.067383 -0.085375 -0.106508 -0.116136 -0.097945 -0.075262 -0.089124 -0.101617 -0.080373 -0.058270 -0.107449 
155.604534 -0.129826 -0.124490 -0.134775 -0.125211 -0.133185 -0.125557 -0.099880 -0.116021 -0.114586 -0.108593 -0.114819 -0.115763 -0.080291 -0.114763 -0.110199 -0.106183 -0.093698 0.288251 0.235504 0.244055 0.254875 0.314159 0.329513 0.226275 0.256894 0.319414 0.308462 0.284164 0.253596 0.201599 0.274618 0.229519 0.179523 0.251914 -0.084863 -0.063449 -0.045469 -0.068815 -0.092503 -0.108171 -0.077026 -0.098321 -0.119959 -0.119270 -0.098435 -0.079305 -0.083326 -0.097329 -0.075715 -0.053870 -0.102126 
153.399620 -0.106524 -0.103600 -0.124356 -0.126221 -0.134428 -0.119616 -0.075379 -0.097832 -0.106642 -0.111289 -0.116966 -0.110430 -0.077310 -0.117998 -0.115186 -0.108726 -0.099699 0.224607 0.183113 0.217452 0.258957 0.318211 0.305484 0.170163 0.212921 0.287501 0.311524 0.292295 0.236708 0.207391 0.290159 0.250251 0.190383 0.272891 -0.070548 -0.049989 -0.041572 -0.071262 -0.092798 -0.102021 -0.065060 -0.083172 -0.108855 -0.117391 -0.099657 -0.074335 -0.090169 -0.104322 -0.083451 -0.058810 -0.108747 
153.069617 -0.107983 -0.104492 -0.123845 -0.121390 -0.130536 -0.133453 -0.072803 -0.098406 -0.106764 -0.105637 -0.112528 -0.124874 -0.075765 -0.116320 -0.112062 -0.112269 -0.098419 0.231283 0.186898 0.214145 0.244896 0.308620 0.349868 0.171270 0.217193 0.285542 0.293764 0.282672 0.269551 0.203318 0.281341 0.243400 0.189911 0.266813 -0.073748 -0.051879 -0.039955 -0.067299 -0.092517 -0.109550 -0.069268 -0.085707 -0.107534 -0.113331 -0.098519 -0.078420 -0.089090 -0.099451 -0.081504 -0.053369 -0.105556 
151.585477 -0.114023 -0.107930 -0.118713 -0.115588 -0.125028 -0.125778 -0.081368 -0.102589 -0.100263 -0.100768 -0.107352 -0.118003 -0.077750 -0.113590 -0.109999 -0.109358 -0.096883 0.243856 0.190977 0.199144 0.226649 0.288144 0.324611 0.186948 0.223789 0.271797 0.278952 0.264109 0.254218 0.203416 0.272680 0.235872 0.188749 0.261609 -0.075344 -0.051990 -0.035062 -0.061979 -0.087342 -0.104494 -0.070541 -0.088220 -0.107434 -0.110359 -0.093752 -0.076054 -0.086870 -0.097255 -0.078910 -0.055047 -0.104033 
149.973779 -0.104351 -0.100315 -0.115491 -0.116662 -0.127155 -0.136964 -0.066163 -0.094238 -0.097694 -0.101061 -0.107747 -0.127286 -0.066675 -0.106746 -0.102689 -0.105229 -0.088366 0.222561 0.175106 0.190916 0.230825 0.299095 0.361741 0.159513 0.206159 0.260127 0.279223 0.271231 0.274035 0.177056 0.248881 0.214514 0.168964 0.233605 -0.072151 -0.048298 -0.033543 -0.063790 -0.091294 -0.111604 -0.068105 -0.082017 -0.102449 -0.110171 -0.097194 -0.078397 -0.080425 -0.089273 -0.072524 -0.044353 -0.095600 
148.811021 -0.105024 -0.100288 -0.115290 -0.114937 -0.123938 -0.125673 -0.070383 -0.094666 -0.097288 -0.099448 -0.106192 -0.117506 -0.066608 -0.105574 -0.102174 -0.102192 -0.086941 0.220757 0.174036 0.191788 0.225510 0.284637 0.320552 0.163561 0.205546 0.258577 0.271789 0.261394 0.250023 0.175502 0.245947 0.214459 0.169347 0.229838 -0.070091 -0.047742 -0.034510 -0.062129 -0.086300 -0.102561 -0.065754 -0.081857 -0.101748 -0.106889 -0.092327 -0.073621 -0.079312 -0.088749 -0.072168 -0.046945 -0.094874 
154.987357 -0.100334 -0.098153 -0.129692 -0.136086 -0.146339 -0.130623 -0.065881 -0.092031 -0.111608 -0.119644 -0.124324 -0.118508 -0.070638 -0.114925 -0.111661 -0.107293 -0.094691 0.211673 0.172057 0.228570 0.290931 0.365235 0.344955 0.154667 0.201655 0.302996 0.345701 0.324039 0.258851 0.191021 0.273935 0.232570 0.178208 0.255312 -0.068660 -0.047445 -0.043301 -0.079913 -0.104484 -0.110336 -0.064253 -0.080083 -0.113776 -0.128497 -0.110991 -0.079421 -0.086250 -0.097940 -0.077228 -0.051118 -0.103032 
154.309394 -0.113281 -0.108140 -0.124998 -0.120908 -0.130305 -0.133429 -0.079464 -0.102708 -0.107237 -0.105114 -0.112821 -0.125597 -0.082692 -0.119782 -0.115943 -0.116631 -0.103970 0.244434 0.194374 0.215231 0.243623 0.307376 0.350238 0.185996 0.227440 0.289854 0.292877 0.282490 0.273552 0.220053 0.291414 0.255510 0.203331 0.284359 -0.076523 -0.053701 -0.039040 -0.066823 -0.092146 -0.109392 -0.072278 -0.089729 -0.110623 -0.113416 -0.098041 -0.079571 -0.092724 -0.101491 -0.084384 -0.057778 -0.109326 
151.030410 -0.108619 -0.103601 -0.113076 -0.115118 -0.123928 -0.120123 -0.075791 -0.099305 -0.094875 -0.101758 -0.107561 -0.112090 -0.079929 -0.115893 -0.113502 -0.110256 -0.101249 0.230227 0.179286 0.187718 0.225642 0.284487 0.306760 0.173114 0.213955 0.255994 0.279465 0.263700 0.238729 0.212020 0.284358 0.247744 0.193833 0.276691 -0.072495 -0.048471 -0.033675 -0.062342 -0.086088 -0.102022 -0.066992 -0.084379 -0.102933 -0.109584 -0.093276 -0.073959 -0.090298 -0.102359 -0.082884 -0.058965 -0.108520 
152.335079 -0.115858 -0.110228 -0.115590 -0.114514 -0.122675 -0.120465 -0.083962 -0.105763 -0.097067 -0.101225 -0.107367 -0.112939 -0.085847 -0.119140 -0.116688 -0.113516 -0.105413 0.248864 0.194810 0.195609 0.223944 0.280105 0.308358 0.190788 0.228438 0.262983 0.277242 0.261237 0.241849 0.225751 0.295929 0.258508 0.203266 0.290410 -0.076802 -0.052656 -0.035921 -0.061609 -0.084901 -0.102638 -0.070625 -0.089403 -0.104528 -0.108614 -0.091850 -0.075143 -0.092980 -0.105316 -0.085731 -0.062556 -0.111785 
152.477942 -0.112225 -0.106943 -0.118871 -0.112499 -0.121189 -0.125997 -0.079196 -0.102079 -0.101773 -0.098077 -0.105587 -0.119431 -0.083663 -0.120749 -0.116460 -0.116070 -0.105854 0.240125 0.189861 0.199067 0.219041 0.276506 0.323652 0.182493 0.223903 0.274096 0.269509 0.257616 0.254302 0.225320 0.300145 0.261733 0.206016 0.292906 -0.075125 -0.052194 -0.034977 -0.060127 -0.084740 -0.104319 -0.070185 -0.088461 -0.107038 -0.107300 -0.091318 -0.075237 -0.095287 -0.106615 -0.088674 -0.061810 -0.113311 
154.558437 -0.107621 -0.104735 -0.125897 -0.119175 -0.127261 -0.122631 -0.076363 -0.099304 -0.110000 -0.104543 -0.111027 -0.115336 -0.086590 -0.126125 -0.121285 -0.118395 -0.111061 0.229033 0.187909 0.217939 0.237991 0.295587 0.314612 0.174655 0.220052 0.296200 0.292539 0.274511 0.245423 0.237317 0.318623 0.274193 0.212998 0.311046 -0.072506 -0.052113 -0.040230 -0.065205 -0.088692 -0.103616 -0.067510 -0.086384 -0.110695 -0.114036 -0.096112 -0.074786 -0.099843 -0.111655 -0.091799 -0.065250 -0.117822 
154.586185 -0.116783 -0.111885 -0.124888 -0.123469 -0.133450 -0.137005 -0.080676 -0.105652 -0.105935 -0.107866 -0.114405 -0.127029 -0.079100 -0.116405 -0.112646 -0.112687 -0.098919 0.255976 0.202296 0.217085 0.250748 0.319756 0.367158 0.189538 0.232127 0.288827 0.303372 0.289415 0.278313 0.206869 0.280298 0.240430 0.188688 0.267767 -0.080160 -0.055478 -0.039930 -0.068727 -0.095600 -0.114516 -0.074198 -0.091314 -0.111213 -0.117231 -0.101474 -0.082294 -0.088135 -0.098811 -0.079859 -0.053219 -0.105465 
154.776921 -0.117697 -0.112520 -0.127989 -0.111297 -0.118555 -0.118715 -0.089319 -0.107603 -0.112005 -0.096199 -0.104498 -0.113591 -0.095243 -0.128869 -0.123154 -0.122002 -0.115939 0.252679 0.205920 0.221057 0.215679 0.265506 0.299525 0.202041 0.240382 0.304215 0.267272 0.250535 0.241023 0.257368 0.326178 0.285649 0.228620 0.327536 -0.077058 -0.056980 -0.039362 -0.058513 -0.081063 -0.099273 -0.071984 -0.094361 -0.114168 -0.107604 -0.088235 -0.072975 -0.102828 -0.111948 -0.094742 -0.070534 -0.120587 
153.455524 -0.106372 -0.102287 -0.116379 -0.118673 -0.128538 -0.131302 -0.072529 -0.097547 -0.099954 -0.105213 -0.111009 -0.123957 -0.083215 -0.122387 -0.119043 -0.118736 -0.108242 0.226482 0.180062 0.196063 0.235950 0.302176 0.343842 0.170930 0.213670 0.265989 0.290282 0.278183 0.268210 0.228657 0.308349 0.266774 0.210915 0.300918 -0.072221 -0.049529 -0.035971 -0.065039 -0.091356 -0.108505 -0.068967 -0.083519 -0.102832 -0.112242 -0.098129 -0.078377 -0.097642 -0.109570 -0.089719 -0.062443 -0.115123 
155.191312 -0.122756 -0.117775 -0.131735 -0.120621 -0.128234 -0.123509 -0.092694 -0.111125 -0.113419 -0.104611 -0.111931 -0.115630 -0.085998 -0.121022 -0.116414 -0.113401 -0.103409 0.267739 0.218343 0.235138 0.242020 0.297166 0.318658 0.209883 0.246133 0.311460 0.293409 0.274194 0.249757 0.223722 0.296530 0.255006 0.200145 0.283588 -0.080683 -0.059675 -0.043931 -0.065706 -0.088480 -0.104612 -0.074026 -0.095731 -0.116312 -0.114250 -0.094743 -0.076774 -0.091806 -0.103519 -0.084146 -0.060530 -0.110167 
154.586910 -0.113489 -0.108609 -0.122031 -0.125982 -0.135533 -0.129359 -0.080766 -0.103095 -0.103432 -0.111489 -0.117217 -0.120294 -0.081158 -0.119053 -0.116733 -0.113343 -0.102240 0.244049 0.193600 0.211531 0.257826 0.324728 0.339772 0.186361 0.224730 0.280530 0.311614 0.295794 0.263365 0.215900 0.293625 0.253760 0.198246 0.280461 -0.075701 -0.052532 -0.039616 -0.070849 -0.095564 -0.108764 -0.070908 -0.087206 -0.108400 -0.117713 -0.101740 -0.079713 -0.091696 -0.104876 -0.084284 -0.059595 -0.110123 
150.538067 -0.102561 -0.099089 -0.112733 -0.106397 -0.114598 -0.121498 -0.069154 -0.094616 -0.097687 -0.093319 -0.099865 -0.116033 -0.081317 -0.121758 -0.116615 -0.116267 -0.107784 0.215443 0.172624 0.184737 0.201872 0.256195 0.306999 0.160229 0.206764 0.257622 0.253602 0.241199 0.241445 0.226317 0.309458 0.267147 0.207909 0.301081 -0.069425 -0.047873 -0.032543 -0.055494 -0.080014 -0.100619 -0.065030 -0.082104 -0.100323 -0.102734 -0.087505 -0.071267 -0.098364 -0.111560 -0.092722 -0.063709 -0.116697 
155.142335 -0.124302 -0.117878 -0.119062 -0.128820 -0.137856 -0.121786 -0.094740 -0.112502 -0.097988 -0.115762 -0.119556 -0.111360 -0.087631 -0.116991 -0.117043 -0.110626 -0.102590 0.271248 0.211795 0.208821 0.264799 0.330470 0.319356 0.214744 0.241819 0.270967 0.324572 0.300041 0.248213 0.221485 0.286074 0.247520 0.197344 0.278756 -0.080692 -0.055832 -0.040081 -0.072618 -0.095823 -0.106814 -0.074367 -0.091651 -0.108003 -0.120623 -0.102552 -0.080650 -0.087813 -0.101082 -0.078502 -0.060936 -0.107281 
150.205099 -0.111283 -0.106005 -0.117979 -0.113704 -0.121721 -0.116651 -0.080231 -0.100766 -0.099611 -0.098863 -0.105636 -0.109142 -0.076565 -0.112017 -0.108698 -0.105771 -0.095270 0.234922 0.186051 0.197815 0.221710 0.275398 0.293404 0.180445 0.218792 0.269119 0.271676 0.255583 0.231093 0.199198 0.267874 0.233452 0.183983 0.256395 -0.072589 -0.050510 -0.035210 -0.060813 -0.083163 -0.098223 -0.067007 -0.086369 -0.106322 -0.107599 -0.089938 -0.071564 -0.085199 -0.095813 -0.077771 -0.055020 -0.102506 
153.930776 -0.108360 -0.104337 -0.121429 -0.122182 -0.131005 -0.122096 -0.076871 -0.099202 -0.103929 -0.107997 -0.114156 -0.113878 -0.082547 -0.122361 -0.119320 -0.114105 -0.106190 0.229684 0.183853 0.207018 0.246764 0.307885 0.313877 0.174870 0.216234 0.281231 0.301070 0.284017 0.244145 0.224564 0.307276 0.265626 0.203858 0.295395 -0.072019 -0.050063 -0.037687 -0.067993 -0.091244 -0.103673 -0.067001 -0.084493 -0.108926 -0.115444 -0.098239 -0.075340 -0.096019 -0.110550 -0.089718 -0.064003 -0.115392 
152.550565 -0.121023 -0.115772 -0.121089 -0.109302 -0.115977 -0.112686 -0.094359 -0.109911 -0.103982 -0.095658 -0.102322 -0.107288 -0.091285 -0.122495 -0.117986 -0.114511 -0.108521 0.259946 0.212187 0.206512 0.208709 0.256711 0.282574 0.210634 0.242784 0.281989 0.261708 0.242430 0.227423 0.239376 0.308145 0.265584 0.211821 0.301176 -0.077450 -0.057415 -0.036936 -0.056535 -0.078456 -0.096720 -0.071785 -0.092426 -0.108397 -0.105001 -0.085776 -0.071362 -0.095354 -0.107988 -0.088046 -0.066901 -0.114350 
152.588689 -0.110305 -0.105992 -0.119491 -0.120633 -0.129559 -0.124586 -0.076732 -0.100864 -0.101121 -0.106282 -0.111867 -0.115463 -0.078893 -0.116152 -0.113242 -0.110228 -0.099845 0.236010 0.186629 0.204536 0.241662 0.303632 0.322759 0.176373 0.218922 0.273416 0.295958 0.278324 0.248377 0.208305 0.282552 0.243939 0.190279 0.271586 -0.074361 -0.050870 -0.038020 -0.066490 -0.090713 -0.105683 -0.068491 -0.086318 -0.106701 -0.114419 -0.097577 -0.076511 -0.089097 -0.100804 -0.081049 -0.056604 -0.106914 
156.200285 -0.117652 -0.113790 -0.131127 -0.134883 -0.143569 -0.124558 -0.086625 -0.106762 -0.111231 -0.119217 -0.124176 -0.113143 -0.078403 -0.116911 -0.114628 -0.106970 -0.096550 0.254576 0.206913 0.237421 0.285976 0.351539 0.326663 0.195249 0.232877 0.306859 0.340671 0.316172 0.248956 0.203082 0.283966 0.241013 0.183361 0.262084 -0.077478 -0.055680 -0.046044 -0.078161 -0.100257 -0.108032 -0.070647 -0.089431 -0.115595 -0.125574 -0.106373 -0.079563 -0.086310 -0.101843 -0.079155 -0.056571 -0.105703 
155.090966 -0.116772 -0.112709 -0.132233 -0.111593 -0.119309 -0.128832 -0.084286 -0.106647 -0.116987 -0.095491 -0.104049 -0.123068 -0.089116 -0.127405 -0.119865 -0.121590 -0.111575 0.253872 0.209015 0.232304 0.216921 0.270372 0.332485 0.194255 0.240070 0.317146 0.267667 0.252422 0.260906 0.241977 0.319736 0.274404 0.216616 0.312543 -0.079072 -0.058689 -0.042123 -0.058683 -0.083459 -0.105989 -0.073243 -0.095283 -0.115732 -0.108786 -0.090207 -0.075734 -0.100557 -0.110266 -0.093093 -0.064092 -0.117985 
153.632612 -0.104505 -0.101280 -0.137984 -0.110637 -0.118641 -0.127308 -0.072008 -0.094908 -0.125301 -0.092328 -0.102380 -0.122182 -0.080000 -0.124905 -0.115333 -0.118355 -0.106325 0.220883 0.184884 0.239388 0.215234 0.267198 0.322425 0.166532 0.217125 0.337201 0.262042 0.248621 0.254259 0.223523 0.306013 0.263253 0.207005 0.295152 -0.070907 -0.053218 -0.041368 -0.058221 -0.082443 -0.101711 -0.066585 -0.088784 -0.119847 -0.108545 -0.089311 -0.071349 -0.098561 -0.105925 -0.091303 -0.059189 -0.114304 
152.713103 -0.114506 -0.110514 -0.127308 -0.122025 -0.129942 -0.121806 -0.083332 -0.103787 -0.108791 -0.105906 -0.112390 -0.112790 -0.076926 -0.113164 -0.109347 -0.106315 -0.094621 0.245528 0.200014 0.223561 0.246026 0.302926 0.312398 0.188448 0.228481 0.295691 0.296521 0.277673 0.242535 0.197822 0.268437 0.231063 0.181169 0.253207 -0.075575 -0.054651 -0.041873 -0.067204 -0.089664 -0.103201 -0.069429 -0.089147 -0.111727 -0.114556 -0.096075 -0.075218 -0.083936 -0.094357 -0.075558 -0.052582 -0.100893 
153.356863 -0.120337 -0.114620 -0.119981 -0.119872 -0.128038 -0.121400 -0.089554 -0.109015 -0.100480 -0.105798 -0.111964 -0.113002 -0.084312 -0.117406 -0.115322 -0.110857 -0.101656 0.260439 0.206093 0.207049 0.239377 0.297035 0.312893 0.202496 0.236291 0.274488 0.291913 0.274702 0.244777 0.217927 0.288541 0.250794 0.196228 0.277700 -0.078806 -0.055335 -0.038444 -0.065708 -0.088456 -0.104031 -0.072375 -0.091128 -0.107929 -0.112245 -0.094870 -0.076722 -0.089497 -0.102780 -0.082463 -0.060388 -0.108618 
152.826146 -0.107634 -0.104020 -0.123703 -0.116146 -0.124349 -0.122418 -0.074922 -0.099140 -0.107158 -0.101268 -0.107679 -0.114989 -0.081827 -0.120906 -0.115982 -0.114166 -0.104950 0.228840 0.184523 0.212687 0.228763 0.285600 0.312798 0.171957 0.218003 0.288161 0.282566 0.264463 0.243680 0.221149 0.298234 0.257034 0.201325 0.289417 -0.072723 -0.051253 -0.039284 -0.062521 -0.086450 -0.102535 -0.067209 -0.087141 -0.109251 -0.111761 -0.093755 -0.073779 -0.094628 -0.105211 -0.086476 -0.060381 -0.112004 
151.937242 -0.107020 -0.103696 -0.122742 -0.117551 -0.125956 -0.124247 -0.074040 -0.097669 -0.105840 -0.102205 -0.109001 -0.116197 -0.076526 -0.116351 -0.111797 -0.110068 -0.098756 0.227151 0.184317 0.209223 0.233393 0.291505 0.318565 0.170050 0.214969 0.283997 0.283929 0.269017 0.246602 0.204797 0.282573 0.243328 0.188728 0.268507 -0.072009 -0.050889 -0.037949 -0.064088 -0.087858 -0.103875 -0.066845 -0.084802 -0.108176 -0.111393 -0.094607 -0.074276 -0.089220 -0.100490 -0.081913 -0.055229 -0.106429 
152.766591 -0.122269 -0.115782 -0.122890 -0.119033 -0.126817 -0.118816 -0.092203 -0.109970 -0.102917 -0.103901 -0.110973 -0.110714 -0.080948 -0.114587 -0.112119 -0.107217 -0.096925 0.263351 0.208401 0.213354 0.237155 0.291233 0.302370 0.206701 0.237707 0.282006 0.286418 0.269610 0.238642 0.207498 0.277307 0.241941 0.188962 0.262799 -0.078675 -0.055987 -0.039489 -0.064857 -0.086428 -0.100859 -0.072066 -0.092735 -0.110471 -0.110766 -0.092453 -0.074753 -0.086391 -0.099405 -0.080087 -0.058391 -0.105233 
152.195226 -0.115709 -0.110374 -0.120632 -0.114291 -0.121810 -0.116540 -0.085839 -0.105169 -0.102656 -0.099918 -0.106789 -0.109717 -0.083547 -0.118940 -0.115350 -0.111175 -0.102908 0.246359 0.196984 0.205885 0.223398 0.275472 0.293857 0.192232 0.228911 0.278119 0.274396 0.257406 0.232903 0.220667 0.294551 0.256035 0.199912 0.283319 -0.075129 -0.053481 -0.037461 -0.061105 -0.083052 -0.098732 -0.069188 -0.089501 -0.108150 -0.108041 -0.089859 -0.072331 -0.092255 -0.105354 -0.085973 -0.062600 -0.111187 
151.348680 -0.098329 -0.095611 -0.120217 -0.119969 -0.128917 -0.119134 -0.065588 -0.090599 -0.103556 -0.105276 -0.110604 -0.110307 -0.073416 -0.116037 -0.111918 -0.107747 -0.098387 0.204792 0.164681 0.201714 0.239869 0.300809 0.302865 0.150826 0.197306 0.277773 0.295656 0.275485 0.232858 0.200688 0.282244 0.241407 0.185835 0.268470 -0.066371 -0.045405 -0.036261 -0.066078 -0.089778 -0.100870 -0.061596 -0.079065 -0.107581 -0.115575 -0.097577 -0.072047 -0.089811 -0.102009 -0.082078 -0.056123 -0.107396 
153.023135 -0.111836 -0.108166 -0.127010 -0.120741 -0.128575 -0.119044 -0.081758 -0.101895 -0.109676 -0.105521 -0.110894 -0.110778 -0.079307 -0.117362 -0.112777 -0.108898 -0.099144 0.237786 0.194929 0.222653 0.241191 0.297962 0.303644 0.183991 0.224305 0.297217 0.296468 0.273235 0.236991 0.208970 0.285394 0.242235 0.190223 0.269645 -0.073419 -0.053466 -0.041844 -0.065607 -0.088600 -0.101186 -0.067800 -0.087607 -0.111440 -0.115375 -0.095846 -0.073775 -0.088971 -0.101020 -0.080501 -0.057473 -0.106640 
151.728577 -0.096072 -0.094833 -0.128658 -0.124307 -0.132204 -0.117955 -0.064458 -0.088659 -0.112754 -0.107729 -0.114139 -0.109086 -0.069345 -0.114645 -0.109832 -0.105063 -0.094243 0.198694 0.166431 0.224681 0.253722 0.310018 0.296282 0.146970 0.195140 0.300760 0.303200 0.284713 0.229219 0.190017 0.274821 0.236224 0.179033 0.254813 -0.064465 -0.046672 -0.042688 -0.069668 -0.090804 -0.098633 -0.059731 -0.078341 -0.110413 -0.116218 -0.097973 -0.070562 -0.086810 -0.098369 -0.079597 -0.052774 -0.103375 
154.495585 -0.123658 -0.117976 -0.128803 -0.124071 -0.132404 -0.125102 -0.092204 -0.111242 -0.108712 -0.108074 -0.114645 -0.115595 -0.080579 -0.114925 -0.111693 -0.108063 -0.096305 0.270267 0.216082 0.228771 0.251981 0.311634 0.325761 0.209218 0.243100 0.299809 0.303837 0.284070 0.252249 0.205025 0.274913 0.236274 0.185424 0.259502 -0.081305 -0.058454 -0.042875 -0.068635 -0.091859 -0.106565 -0.074213 -0.094797 -0.114875 -0.116773 -0.097796 -0.078441 -0.085229 -0.097105 -0.077371 -0.055135 -0.103412 
153.103139 -0.103139 -0.100412 -0.130614 -0.115750 -0.123888 -0.126402 -0.070126 -0.094578 -0.115957 -0.098955 -0.107213 -0.119810 -0.078860 -0.121932 -0.115058 -0.115682 -0.104304 0.217779 0.180331 0.225858 0.228909 0.284427 0.322106 0.162843 0.212356 0.310194 0.277444 0.263835 0.251981 0.217506 0.298568 0.258063 0.201493 0.287397 -0.070190 -0.051184 -0.040862 -0.062448 -0.086340 -0.102911 -0.065829 -0.085680 -0.113137 -0.110746 -0.093188 -0.073036 -0.095477 -0.104196 -0.087708 -0.058047 -0.111538 
154.118710 -0.119775 -0.114726 -0.125274 -0.126048 -0.134573 -0.123878 -0.088194 -0.108331 -0.105304 -0.110900 -0.116336 -0.113798 -0.079742 -0.114468 -0.112051 -0.107383 -0.096436 0.259967 0.207454 0.221181 0.257557 0.319387 0.322795 0.199859 0.235501 0.289048 0.311652 0.290413 0.248688 0.203700 0.275018 0.235969 0.184429 0.259839 -0.078974 -0.055871 -0.041987 -0.070438 -0.093589 -0.106488 -0.072146 -0.091223 -0.111548 -0.118303 -0.099888 -0.078390 -0.085060 -0.097652 -0.076934 -0.055244 -0.103418 
