210.246273 -0.234122 -0.193951 -0.189448 -0.189745 -0.186256 -0.192796 -0.226611 -0.205676 -0.159465 -0.171581 -0.163404 -0.176196 -0.204763 -0.178521 -0.175114 -0.172477 -0.161217 0.415875 0.267624 0.307951 0.396024 0.383032 0.470778 0.412243 0.254167 0.428081 0.647017 0.475993 0.362685 0.273938 0.375502 0.623309 0.434361 0.472941 -0.152175 -0.108665 -0.115134 -0.142295 -0.159660 -0.164857 -0.157261 -0.175254 -0.180043 -0.173861 -0.177221 -0.171496 -0.187118 -0.177605 -0.174606 -0.173517 -0.177753 
209.441893 -0.233945 -0.195498 -0.184524 -0.190998 -0.186123 -0.192574 -0.226417 -0.206165 -0.154094 -0.174195 -0.163330 -0.175962 -0.204874 -0.178239 -0.175622 -0.172136 -0.161110 0.416566 0.274940 0.328785 0.406839 0.382761 0.471694 0.411558 0.254825 0.456020 0.669323 0.476008 0.362729 0.274315 0.394667 0.627386 0.434820 0.473470 -0.152553 -0.110917 -0.108335 -0.141094 -0.159567 -0.165791 -0.157235 -0.172944 -0.170528 -0.173361 -0.177578 -0.172413 -0.186087 -0.179809 -0.174522 -0.174396 -0.177699 
212.089265 -0.234680 -0.198052 -0.197093 -0.192787 -0.186699 -0.192782 -0.227246 -0.207645 -0.168831 -0.174320 -0.163945 -0.176660 -0.204820 -0.181319 -0.175978 -0.172844 -0.161280 0.419453 0.287567 0.361692 0.413130 0.383490 0.470644 0.414402 0.261035 0.505077 0.677388 0.478647 0.363607 0.273897 0.391304 0.628670 0.435153 0.473742 -0.152706 -0.115558 -0.117247 -0.142589 -0.159573 -0.164694 -0.157327 -0.177211 -0.178433 -0.176525 -0.177459 -0.171224 -0.187322 -0.179052 -0.175358 -0.173355 -0.177853 
218.579033 -0.236243 -0.198923 -0.226897 -0.193556 -0.187997 -0.193501 -0.229019 -0.208952 -0.203110 -0.169607 -0.165242 -0.178279 -0.204385 -0.186350 -0.175848 -0.174654 -0.161680 0.423327 0.295421 0.365816 0.406073 0.385106 0.466669 0.420242 0.270477 0.517626 0.650689 0.483538 0.364801 0.271910 0.355148 0.625500 0.434942 0.473521 -0.152269 -0.119545 -0.146655 -0.147282 -0.159329 -0.160825 -0.157279 -0.187981 -0.207233 -0.182623 -0.176395 -0.167312 -0.190944 -0.173565 -0.176926 -0.169844 -0.178157 
219.528277 -0.236477 -0.200173 -0.230379 -0.194552 -0.188205 -0.193541 -0.229294 -0.209576 -0.207404 -0.170238 -0.165474 -0.178502 -0.204350 -0.187498 -0.176077 -0.174862 -0.161716 0.424567 0.302272 0.388800 0.411461 0.385355 0.466332 0.421094 0.273078 0.551179 0.658617 0.484643 0.365107 0.271697 0.358264 0.626677 0.435174 0.473767 -0.152387 -0.121782 -0.149026 -0.147711 -0.159252 -0.160522 -0.157261 -0.189046 -0.208244 -0.183723 -0.176390 -0.166996 -0.191190 -0.173858 -0.177207 -0.169594 -0.178199 
213.710387 -0.235090 -0.198660 -0.204819 -0.193219 -0.187039 -0.192961 -0.227711 -0.208133 -0.177750 -0.173436 -0.164282 -0.177082 -0.204728 -0.182857 -0.175971 -0.173308 -0.161392 0.420594 0.291103 0.370677 0.412679 0.383959 0.469746 0.415974 0.263886 0.519197 0.673123 0.479977 0.363974 0.273459 0.383158 0.627861 0.435176 0.473708 -0.152648 -0.117009 -0.124297 -0.143805 -0.159556 -0.163780 -0.157357 -0.180048 -0.185453 -0.178221 -0.177244 -0.170292 -0.188260 -0.177919 -0.175779 -0.172520 -0.177940 
209.433705 -0.233961 -0.196110 -0.184183 -0.191454 -0.186125 -0.192528 -0.226436 -0.206424 -0.153845 -0.174891 -0.163356 -0.175952 -0.204910 -0.178367 -0.175803 -0.172098 -0.161094 0.416998 0.277802 0.335431 0.410172 0.382735 0.471877 0.411610 0.255316 0.465083 0.675985 0.476231 0.362817 0.274406 0.399542 0.628769 0.434974 0.473644 -0.152659 -0.111867 -0.107101 -0.140832 -0.159549 -0.165971 -0.157229 -0.172616 -0.168573 -0.173458 -0.177670 -0.172573 -0.185894 -0.180308 -0.174575 -0.174552 -0.177697 
207.512578 -0.233414 -0.194428 -0.174376 -0.190348 -0.185700 -0.192346 -0.225823 -0.205388 -0.142574 -0.175132 -0.162920 -0.175425 -0.204946 -0.176037 -0.175645 -0.171547 -0.160949 0.415082 0.269858 0.314555 0.407552 0.382147 0.472696 0.409447 0.250848 0.433545 0.673264 0.474394 0.362189 0.274675 0.404811 0.628730 0.434773 0.473549 -0.152587 -0.108817 -0.100063 -0.139606 -0.159483 -0.166847 -0.157118 -0.169136 -0.161461 -0.171096 -0.177778 -0.173516 -0.184829 -0.181131 -0.173969 -0.175394 -0.177573 
212.625186 -0.234792 -0.197260 -0.200159 -0.192185 -0.186801 -0.192907 -0.227371 -0.207396 -0.172126 -0.172915 -0.164014 -0.176808 -0.204742 -0.181539 -0.175716 -0.173048 -0.161337 0.419161 0.283987 0.351166 0.407667 0.383658 0.470059 0.414841 0.260977 0.490321 0.665446 0.478754 0.363592 0.273623 0.381062 0.626481 0.434909 0.473485 -0.152522 -0.114545 -0.121389 -0.143334 -0.159587 -0.164125 -0.157341 -0.178591 -0.183614 -0.176900 -0.177244 -0.170678 -0.187901 -0.177855 -0.175420 -0.172843 -0.177882 
217.934923 -0.236169 -0.202279 -0.222534 -0.195953 -0.187915 -0.193259 -0.228946 -0.210177 -0.199015 -0.173699 -0.165235 -0.178119 -0.204561 -0.187256 -0.176551 -0.174361 -0.161611 0.424935 0.311035 0.428715 0.424132 0.384963 0.467933 0.420024 0.273254 0.608965 0.686518 0.484105 0.365187 0.272486 0.380567 0.630332 0.435750 0.474272 -0.152821 -0.123856 -0.138347 -0.146083 -0.159381 -0.162000 -0.157330 -0.185944 -0.196568 -0.182812 -0.176979 -0.168414 -0.189956 -0.176977 -0.176996 -0.170903 -0.178148 
223.614755 -0.237370 -0.200600 -0.246517 -0.195247 -0.188985 -0.193900 -0.230322 -0.210327 -0.226076 -0.167953 -0.166292 -0.179419 -0.204041 -0.190071 -0.176217 -0.175865 -0.161883 0.427125 0.308497 0.386946 0.409815 0.386196 0.463772 0.424248 0.279169 0.559059 0.648878 0.487807 0.365702 0.270261 0.344403 0.626845 0.435178 0.473926 -0.152151 -0.124736 -0.165923 -0.150031 -0.158843 -0.158225 -0.157031 -0.194446 -0.222524 -0.187071 -0.175713 -0.164711 -0.192915 -0.170958 -0.178125 -0.167593 -0.178336 
214.854301 -0.235370 -0.198919 -0.210162 -0.193421 -0.187273 -0.193090 -0.228030 -0.208405 -0.183909 -0.172679 -0.164514 -0.177373 -0.204654 -0.183831 -0.175949 -0.173632 -0.161466 0.421292 0.292925 0.374161 0.411801 0.384257 0.469087 0.417038 0.265664 0.524927 0.668979 0.480862 0.364203 0.273125 0.376866 0.627234 0.435144 0.473679 -0.152585 -0.117826 -0.129434 -0.144663 -0.159525 -0.163107 -0.157362 -0.182001 -0.190527 -0.179349 -0.177070 -0.169611 -0.188916 -0.177022 -0.176062 -0.171910 -0.177997 
210.792971 -0.234295 -0.195639 -0.191597 -0.191022 -0.186403 -0.192763 -0.226809 -0.206441 -0.162100 -0.172929 -0.163591 -0.176332 -0.204793 -0.179510 -0.175484 -0.172563 -0.161226 0.417233 0.275785 0.330519 0.403642 0.383177 0.470853 0.412925 0.256822 0.459844 0.660850 0.476946 0.363013 0.273978 0.383752 0.625675 0.434696 0.473290 -0.152429 -0.111488 -0.115048 -0.142276 -0.159610 -0.164914 -0.157292 -0.175690 -0.178144 -0.174769 -0.177351 -0.171520 -0.187061 -0.178441 -0.174859 -0.173579 -0.177781 
215.678214 -0.235610 -0.200732 -0.213128 -0.194759 -0.187455 -0.193082 -0.228306 -0.209254 -0.187788 -0.173930 -0.164742 -0.177570 -0.204676 -0.185063 -0.176326 -0.173790 -0.161493 0.422849 0.302041 0.401977 0.419649 0.384400 0.469014 0.417940 0.268643 0.566881 0.682902 0.482015 0.364608 0.273076 0.384157 0.629607 0.435514 0.474040 -0.152790 -0.120742 -0.130260 -0.144765 -0.159491 -0.163046 -0.157362 -0.182739 -0.189847 -0.180469 -0.177179 -0.169496 -0.188989 -0.177732 -0.176384 -0.171843 -0.178041 
208.232972 -0.233593 -0.194037 -0.178596 -0.189993 -0.185852 -0.192494 -0.226022 -0.205343 -0.147197 -0.173879 -0.163034 -0.175639 -0.204877 -0.176719 -0.175392 -0.171817 -0.161033 0.415043 0.268010 0.311740 0.402826 0.382426 0.472090 0.410164 0.251704 0.431324 0.663083 0.474719 0.362283 0.274472 0.394557 0.626313 0.434601 0.473292 -0.152432 -0.108329 -0.104717 -0.140499 -0.159552 -0.166226 -0.157176 -0.170994 -0.167500 -0.171813 -0.177592 -0.172903 -0.185562 -0.179992 -0.174106 -0.174822 -0.177624 
208.530206 -0.233698 -0.195053 -0.179764 -0.190730 -0.185925 -0.192464 -0.226141 -0.205827 -0.148682 -0.174692 -0.163138 -0.175710 -0.204912 -0.177234 -0.175643 -0.171859 -0.161035 0.415895 0.272777 0.322801 0.407390 0.382463 0.472177 0.410580 0.253035 0.446495 0.671713 0.475271 0.362489 0.274499 0.399768 0.628068 0.434818 0.473518 -0.152579 -0.110012 -0.104342 -0.140378 -0.159533 -0.166304 -0.157185 -0.171152 -0.166166 -0.172314 -0.177683 -0.172945 -0.185490 -0.180470 -0.174268 -0.174878 -0.177641 
212.348458 -0.234731 -0.197568 -0.198631 -0.192423 -0.186749 -0.192851 -0.227303 -0.207482 -0.170457 -0.173528 -0.163974 -0.176733 -0.204776 -0.181405 -0.175821 -0.172948 -0.161310 0.419246 0.285365 0.355561 0.409935 0.383597 0.470341 0.414599 0.260925 0.496378 0.670449 0.478668 0.363571 0.273744 0.385575 0.627366 0.435021 0.473577 -0.152602 -0.114919 -0.119456 -0.142998 -0.159582 -0.164388 -0.157336 -0.177934 -0.181246 -0.176692 -0.177340 -0.170935 -0.187633 -0.178395 -0.175378 -0.173082 -0.177867 
219.431768 -0.236444 -0.199466 -0.230284 -0.194020 -0.188172 -0.193563 -0.229252 -0.209287 -0.207126 -0.169555 -0.165430 -0.178479 -0.204337 -0.187119 -0.175949 -0.174858 -0.161717 0.424133 0.298761 0.374315 0.407887 0.385317 0.466219 0.420971 0.272198 0.530922 0.652367 0.484338 0.364997 0.271674 0.354392 0.625955 0.435024 0.473631 -0.152287 -0.120755 -0.149645 -0.147746 -0.159260 -0.160432 -0.157253 -0.189088 -0.209448 -0.183468 -0.176314 -0.166913 -0.191264 -0.173308 -0.177148 -0.169501 -0.178192 
214.852640 -0.235376 -0.199160 -0.210040 -0.193599 -0.187275 -0.193075 -0.228036 -0.208502 -0.183829 -0.172945 -0.164523 -0.177371 -0.204665 -0.183913 -0.176006 -0.173621 -0.161462 0.421467 0.294065 0.377886 0.413033 0.384240 0.469111 0.417050 0.265920 0.530362 0.671447 0.480939 0.364249 0.273151 0.378595 0.627629 0.435193 0.473726 -0.152623 -0.118173 -0.129013 -0.144592 -0.159524 -0.163169 -0.157363 -0.181908 -0.189888 -0.179397 -0.177105 -0.169667 -0.188858 -0.177223 -0.176078 -0.171964 -0.177997 
218.777270 -0.236336 -0.201491 -0.226572 -0.195453 -0.188078 -0.193397 -0.229138 -0.209989 -0.203396 -0.172198 -0.165373 -0.178325 -0.204455 -0.187555 -0.176345 -0.174620 -0.161666 0.424870 0.307994 0.415288 0.419091 0.385183 0.467139 0.420621 0.273527 0.588671 0.674540 0.484451 0.365182 0.272099 0.370399 0.628629 0.435522 0.474061 -0.152640 -0.123200 -0.143575 -0.146940 -0.159315 -0.161275 -0.157304 -0.187543 -0.202118 -0.183391 -0.176708 -0.167721 -0.190573 -0.175621 -0.177121 -0.170271 -0.178178 
216.936241 -0.236886 -0.198530 -0.200667 -0.195436 -0.189400 -0.223868 -0.227422 -0.207788 -0.173250 -0.175023 -0.162897 -0.212453 -0.203575 -0.182284 -0.175292 -0.182574 -0.161241 0.438065 0.288238 0.362297 0.425158 0.395757 0.571994 0.423610 0.264514 0.504243 0.675179 0.497684 0.433555 0.268143 0.387851 0.635159 0.450876 0.474012 -0.160089 -0.116881 -0.118369 -0.145076 -0.169311 -0.182162 -0.167248 -0.180633 -0.180071 -0.178086 -0.187215 -0.187533 -0.188919 -0.177542 -0.178733 -0.167760 -0.177560 
212.214179 -0.234872 -0.197874 -0.200069 -0.192415 -0.187012 -0.189021 -0.227889 -0.207687 -0.172128 -0.173487 -0.164547 -0.171731 -0.205152 -0.181711 -0.176025 -0.171768 -0.161353 0.417598 0.286935 0.360143 0.409600 0.384292 0.459815 0.415796 0.261575 0.503657 0.671968 0.477852 0.358975 0.275401 0.385220 0.626521 0.434348 0.473674 -0.151201 -0.115298 -0.120846 -0.142860 -0.158284 -0.161717 -0.155970 -0.178179 -0.182366 -0.176926 -0.175808 -0.167929 -0.187728 -0.178477 -0.174974 -0.174009 -0.177955 
211.561949 -0.234256 -0.197750 -0.200012 -0.191885 -0.185949 -0.183697 -0.227258 -0.207642 -0.171999 -0.173152 -0.164199 -0.166459 -0.205063 -0.181659 -0.175969 -0.170197 -0.161346 0.414344 0.286808 0.359886 0.407123 0.379953 0.442024 0.412113 0.260941 0.503471 0.670883 0.473472 0.343506 0.275134 0.384888 0.625188 0.430613 0.473538 -0.150431 -0.115144 -0.121081 -0.142585 -0.156634 -0.159042 -0.154460 -0.177779 -0.182605 -0.176766 -0.174481 -0.166188 -0.187424 -0.178545 -0.174541 -0.174256 -0.177970 
210.993803 -0.233941 -0.197656 -0.199939 -0.191465 -0.185432 -0.178881 -0.227108 -0.207617 -0.171860 -0.172910 -0.164207 -0.161133 -0.205183 -0.181588 -0.175992 -0.168719 -0.161352 0.411658 0.286579 0.359628 0.405091 0.377790 0.427480 0.410376 0.260492 0.503340 0.670190 0.470454 0.332810 0.275786 0.384554 0.623857 0.428239 0.473484 -0.149328 -0.114921 -0.121359 -0.142280 -0.155082 -0.156345 -0.152971 -0.177434 -0.182868 -0.176592 -0.173032 -0.163914 -0.187233 -0.178641 -0.174059 -0.174859 -0.178009 
211.453520 -0.233431 -0.197680 -0.200072 -0.191649 -0.184432 -0.182828 -0.225805 -0.207587 -0.172053 -0.172911 -0.163038 -0.167668 -0.204406 -0.181725 -0.175685 -0.170203 -0.161305 0.413474 0.287021 0.360086 0.406293 0.373948 0.435270 0.406544 0.260475 0.503297 0.669638 0.469883 0.331190 0.272431 0.384937 0.625293 0.427197 0.473303 -0.151597 -0.115375 -0.120889 -0.142709 -0.156540 -0.159454 -0.154659 -0.177675 -0.182472 -0.176821 -0.175132 -0.168344 -0.187132 -0.178430 -0.174793 -0.172981 -0.177886 
210.735567 -0.234126 -0.197631 -0.199875 -0.191337 -0.185789 -0.176577 -0.227625 -0.207627 -0.171762 -0.172872 -0.164671 -0.157768 -0.205536 -0.181523 -0.176117 -0.167887 -0.161373 0.410537 0.286334 0.359395 0.404339 0.379220 0.421997 0.411795 0.260444 0.503350 0.670264 0.470287 0.331248 0.277362 0.384342 0.623071 0.428273 0.473552 -0.148195 -0.114703 -0.121591 -0.142048 -0.154271 -0.154658 -0.152067 -0.177290 -0.183068 -0.176467 -0.171955 -0.161750 -0.187256 -0.178741 -0.173690 -0.175678 -0.178066 
211.291707 -0.234074 -0.197703 -0.199981 -0.191679 -0.185646 -0.181428 -0.227130 -0.207629 -0.171936 -0.173030 -0.164158 -0.164031 -0.205091 -0.181629 -0.175969 -0.169511 -0.161347 0.413078 0.286724 0.359782 0.406158 0.378692 0.434949 0.411093 0.260713 0.503382 0.670518 0.471919 0.338066 0.275328 0.384725 0.624553 0.429363 0.473496 -0.149969 -0.115051 -0.121202 -0.142450 -0.155912 -0.157809 -0.153777 -0.177615 -0.182722 -0.176688 -0.173835 -0.165219 -0.187323 -0.178585 -0.174327 -0.174487 -0.177985 
217.513955 -0.237566 -0.198643 -0.200689 -0.195879 -0.190589 -0.227708 -0.228248 -0.207841 -0.173335 -0.175341 -0.163365 -0.215794 -0.203752 -0.182306 -0.175344 -0.183809 -0.161249 0.440756 0.288225 0.362377 0.427376 0.400729 0.590106 0.427793 0.265125 0.504339 0.676370 0.501868 0.452940 0.268848 0.388063 0.635958 0.455345 0.474188 -0.160414 -0.116886 -0.118191 -0.145251 -0.170427 -0.183965 -0.168310 -0.180932 -0.179884 -0.178171 -0.188088 -0.188549 -0.189216 -0.177499 -0.179010 -0.167897 -0.177564 
213.730881 -0.235366 -0.198089 -0.200284 -0.193402 -0.187608 -0.200938 -0.227538 -0.207716 -0.172516 -0.173990 -0.163900 -0.185942 -0.204511 -0.181919 -0.175782 -0.175526 -0.161313 0.424363 0.287525 0.360902 0.414656 0.387072 0.495929 0.417539 0.262494 0.503818 0.673019 0.484014 0.382151 0.272428 0.386148 0.629744 0.439207 0.473723 -0.154522 -0.115924 -0.120002 -0.143676 -0.162132 -0.168844 -0.159882 -0.179011 -0.181591 -0.177369 -0.179835 -0.174887 -0.188080 -0.178158 -0.176312 -0.171791 -0.177810 
223.536178 -0.240261 -0.199339 -0.201328 -0.199054 -0.192474 -0.264063 -0.227264 -0.207914 -0.174606 -0.176749 -0.160357 -0.257705 -0.201951 -0.182907 -0.173896 -0.194637 -0.161065 0.462975 0.288472 0.364544 0.444756 0.413956 0.726936 0.436988 0.268445 0.504562 0.678514 0.523036 0.540781 0.261291 0.390775 0.642165 0.474811 0.474819 -0.169107 -0.117977 -0.115029 -0.147194 -0.181366 -0.205619 -0.180209 -0.183431 -0.176984 -0.178983 -0.200108 -0.211129 -0.190598 -0.176248 -0.182922 -0.159282 -0.177097 
216.089547 -0.236013 -0.198374 -0.200617 -0.194810 -0.187972 -0.218045 -0.226501 -0.207729 -0.173110 -0.174603 -0.162411 -0.207061 -0.203433 -0.182238 -0.175253 -0.180784 -0.161237 0.434148 0.288203 0.362114 0.422032 0.389755 0.547450 0.418605 0.263723 0.504070 0.673802 0.492098 0.409394 0.267623 0.387453 0.634018 0.445285 0.473808 -0.159393 -0.116822 -0.118663 -0.144793 -0.167616 -0.179301 -0.165606 -0.180195 -0.180370 -0.177947 -0.185798 -0.185659 -0.188541 -0.177625 -0.178287 -0.167845 -0.177569 
217.416840 -0.235236 -0.198374 -0.200925 -0.195312 -0.185591 -0.226484 -0.223293 -0.207625 -0.173557 -0.174389 -0.159360 -0.221612 -0.202041 -0.182533 -0.174426 -0.183231 -0.161149 0.437756 0.288628 0.363290 0.424908 0.382237 0.559756 0.410721 0.263700 0.504188 0.671688 0.490716 0.383908 0.261789 0.388258 0.636139 0.440919 0.473583 -0.163245 -0.117744 -0.117636 -0.145361 -0.170766 -0.186107 -0.169113 -0.180751 -0.179478 -0.178254 -0.189880 -0.194552 -0.188439 -0.177119 -0.179734 -0.162650 -0.177305 
208.940749 -0.233638 -0.197334 -0.199586 -0.190044 -0.184879 -0.160085 -0.227859 -0.207563 -0.171254 -0.172139 -0.165215 -0.138633 -0.206371 -0.181235 -0.176297 -0.162552 -0.161413 0.401680 0.285251 0.358341 0.397952 0.375503 0.375724 0.408991 0.259153 0.503042 0.668269 0.461907 0.299144 0.281427 0.383071 0.618068 0.422029 0.473543 -0.143379 -0.113727 -0.122645 -0.140819 -0.148780 -0.144821 -0.146687 -0.176138 -0.184035 -0.175762 -0.166419 -0.152443 -0.186767 -0.179123 -0.171815 -0.178332 -0.178246 
209.236308 -0.234622 -0.197422 -0.199555 -0.190448 -0.186622 -0.162484 -0.229362 -0.207629 -0.171247 -0.172441 -0.166267 -0.139613 -0.207092 -0.181195 -0.176559 -0.162936 -0.161461 0.403237 0.284984 0.358334 0.399318 0.382798 0.384195 0.415395 0.259799 0.503310 0.669477 0.466344 0.309510 0.284520 0.383142 0.618453 0.425679 0.473819 -0.142317 -0.113593 -0.122767 -0.140707 -0.149431 -0.144990 -0.146964 -0.176377 -0.184098 -0.175729 -0.166180 -0.150875 -0.187173 -0.179208 -0.171734 -0.179168 -0.178318 
212.093685 -0.234701 -0.197848 -0.200064 -0.192305 -0.186707 -0.188061 -0.227666 -0.207674 -0.172110 -0.173411 -0.164400 -0.170922 -0.205083 -0.181707 -0.175995 -0.171498 -0.161349 0.416965 0.286936 0.360113 0.409107 0.383078 0.456276 0.414728 0.261424 0.503612 0.671706 0.476818 0.355392 0.275126 0.385170 0.626279 0.433419 0.473631 -0.151164 -0.115290 -0.120870 -0.142824 -0.157999 -0.161307 -0.155729 -0.178103 -0.182396 -0.176904 -0.175632 -0.167795 -0.187652 -0.178480 -0.174918 -0.173956 -0.177951 
215.424558 -0.234187 -0.198123 -0.200697 -0.194070 -0.184580 -0.212847 -0.223420 -0.207599 -0.173120 -0.173837 -0.159979 -0.206129 -0.202476 -0.182326 -0.174727 -0.179356 -0.161185 0.429622 0.288377 0.362421 0.418566 0.376873 0.516444 0.406758 0.262508 0.503872 0.670612 0.482494 0.359615 0.263806 0.387312 0.633282 0.434682 0.473350 -0.160352 -0.117218 -0.118581 -0.144653 -0.166582 -0.178234 -0.164857 -0.179780 -0.180370 -0.177892 -0.185761 -0.187471 -0.187910 -0.177486 -0.178397 -0.165267 -0.177444 
211.478589 -0.234082 -0.197728 -0.200014 -0.191797 -0.185638 -0.183017 -0.227002 -0.207630 -0.171992 -0.173086 -0.164013 -0.166042 -0.204966 -0.181661 -0.175925 -0.170031 -0.161340 0.413917 0.286823 0.359888 0.406754 0.378695 0.439289 0.410981 0.260806 0.503421 0.670581 0.472530 0.340402 0.274765 0.384847 0.625027 0.429773 0.473487 -0.150504 -0.115156 -0.121080 -0.142573 -0.156443 -0.158812 -0.154324 -0.177723 -0.182613 -0.176757 -0.174425 -0.166285 -0.187352 -0.178536 -0.174526 -0.174122 -0.177961 
210.485542 -0.234063 -0.197592 -0.199835 -0.191163 -0.185688 -0.174368 -0.227686 -0.207620 -0.171693 -0.172777 -0.164771 -0.155155 -0.205659 -0.181483 -0.176150 -0.167174 -0.161379 0.409340 0.286196 0.359252 0.403471 0.378772 0.415713 0.411518 0.260282 0.503336 0.670079 0.469204 0.327069 0.277933 0.384183 0.622420 0.427489 0.473544 -0.147539 -0.114573 -0.121740 -0.141884 -0.153540 -0.153328 -0.151340 -0.177136 -0.183204 -0.176374 -0.171200 -0.160462 -0.187194 -0.178795 -0.173437 -0.176064 -0.178092 
216.498429 -0.234938 -0.198284 -0.200801 -0.194786 -0.185517 -0.220425 -0.223760 -0.207628 -0.173338 -0.174221 -0.159999 -0.214064 -0.202368 -0.182419 -0.174652 -0.181504 -0.161173 0.434314 0.288495 0.362815 0.422175 0.381102 0.542112 0.410202 0.263264 0.504034 0.671577 0.487852 0.378900 0.263212 0.387790 0.634850 0.439191 0.473526 -0.161725 -0.117435 -0.118117 -0.145041 -0.168825 -0.182327 -0.167102 -0.180322 -0.179923 -0.178088 -0.187855 -0.190823 -0.188251 -0.177321 -0.179057 -0.164324 -0.177389 
215.715550 -0.236136 -0.198353 -0.200542 -0.194645 -0.188415 -0.215447 -0.227151 -0.207749 -0.172993 -0.174596 -0.163048 -0.203169 -0.203787 -0.182166 -0.175434 -0.179999 -0.161261 0.432835 0.288053 0.361830 0.421100 0.391165 0.541819 0.420140 0.263670 0.504060 0.674155 0.491895 0.410808 0.269137 0.387239 0.633340 0.445608 0.473851 -0.158319 -0.116606 -0.118941 -0.144600 -0.166733 -0.177444 -0.164616 -0.180029 -0.180612 -0.177849 -0.184661 -0.183302 -0.188548 -0.177749 -0.177902 -0.168974 -0.177635 
210.776228 -0.234442 -0.197470 -0.199034 -0.187085 -0.180628 -0.191739 -0.226744 -0.207261 -0.171817 -0.167814 -0.158392 -0.176727 -0.204432 -0.181384 -0.174375 -0.173272 -0.161439 0.417855 0.286190 0.357307 0.401640 0.370709 0.463719 0.413847 0.261991 0.500779 0.645270 0.465225 0.362076 0.272354 0.383409 0.629270 0.436265 0.473545 -0.152534 -0.115917 -0.118826 -0.137603 -0.154859 -0.161863 -0.157345 -0.179043 -0.180757 -0.172138 -0.172010 -0.168609 -0.187622 -0.177562 -0.175598 -0.172478 -0.177888 
226.240990 -0.237587 -0.200834 -0.207472 -0.226878 -0.225494 -0.200713 -0.232468 -0.210467 -0.175228 -0.209354 -0.200644 -0.177868 -0.207228 -0.184168 -0.186049 -0.172037 -0.160619 0.430077 0.293442 0.382139 0.479472 0.483323 0.514140 0.424578 0.260551 0.522594 0.875111 0.588954 0.377894 0.283587 0.399932 0.623882 0.431102 0.475177 -0.152361 -0.113117 -0.130946 -0.177508 -0.188420 -0.178209 -0.157131 -0.174253 -0.189849 -0.207239 -0.209681 -0.184016 -0.188905 -0.182926 -0.175761 -0.176567 -0.177912 
210.257621 -0.234294 -0.197371 -0.198212 -0.185811 -0.178653 -0.190757 -0.226423 -0.207181 -0.171365 -0.166616 -0.156222 -0.175516 -0.204307 -0.181295 -0.173523 -0.172717 -0.161411 0.417424 0.285701 0.353903 0.386708 0.357527 0.461231 0.412523 0.261752 0.498567 0.628425 0.446633 0.357754 0.271931 0.383073 0.621210 0.433246 0.473116 -0.152502 -0.115791 -0.118064 -0.137494 -0.154996 -0.162040 -0.157200 -0.179049 -0.180658 -0.172062 -0.171616 -0.168183 -0.187468 -0.177639 -0.174815 -0.171878 -0.177817 
210.461008 -0.234337 -0.197419 -0.198360 -0.186407 -0.179343 -0.190915 -0.226501 -0.207225 -0.171431 -0.167223 -0.156865 -0.175588 -0.204345 -0.181338 -0.173707 -0.172724 -0.161402 0.417600 0.285823 0.354381 0.388342 0.359376 0.461970 0.412697 0.261738 0.498942 0.631650 0.448755 0.358119 0.272077 0.383292 0.621479 0.433296 0.473149 -0.152513 -0.115765 -0.118263 -0.138024 -0.155435 -0.162258 -0.157207 -0.178991 -0.180788 -0.172534 -0.172138 -0.168411 -0.187491 -0.177709 -0.174842 -0.171954 -0.177821 
209.906245 -0.234176 -0.197317 -0.197469 -0.185059 -0.177164 -0.189833 -0.226152 -0.207142 -0.170932 -0.165961 -0.154513 -0.174251 -0.204210 -0.181249 -0.172782 -0.172121 -0.161371 0.417173 0.285320 0.350739 0.371802 0.344720 0.459258 0.411231 0.261508 0.496553 0.613667 0.428620 0.353401 0.271594 0.382932 0.612723 0.430016 0.472690 -0.152482 -0.115627 -0.117443 -0.137983 -0.155584 -0.162452 -0.157048 -0.178995 -0.180692 -0.172473 -0.171742 -0.167957 -0.187321 -0.177800 -0.173973 -0.171305 -0.177743 
228.617353 -0.237904 -0.201301 -0.206036 -0.233349 -0.230631 -0.199471 -0.232919 -0.211074 -0.174017 -0.216388 -0.203162 -0.172419 -0.207699 -0.184315 -0.185215 -0.169255 -0.160195 0.430532 0.292699 0.373361 0.392606 0.425324 0.519428 0.422390 0.259054 0.518406 0.812979 0.500886 0.362643 0.286093 0.403016 0.584557 0.418208 0.474006 -0.151655 -0.111371 -0.130910 -0.188725 -0.199314 -0.183305 -0.156106 -0.172579 -0.191862 -0.217057 -0.218095 -0.186142 -0.188718 -0.184714 -0.171748 -0.175562 -0.177600 
205.421331 -0.233401 -0.196085 -0.195829 -0.170093 -0.162204 -0.188775 -0.225050 -0.206024 -0.170515 -0.150348 -0.141885 -0.176762 -0.203549 -0.180053 -0.170074 -0.174207 -0.161769 0.412100 0.283082 0.348745 0.374611 0.335714 0.445479 0.411291 0.262754 0.492431 0.570501 0.428043 0.358904 0.268929 0.377017 0.636491 0.441533 0.473594 -0.151995 -0.116895 -0.113774 -0.120650 -0.140376 -0.154229 -0.157275 -0.180781 -0.176627 -0.156829 -0.155563 -0.161839 -0.187276 -0.175084 -0.176313 -0.171307 -0.177923 
233.540129 -0.239067 -0.202205 -0.209968 -0.242540 -0.242864 -0.203584 -0.235153 -0.211904 -0.176028 -0.226049 -0.216819 -0.176320 -0.208575 -0.185073 -0.190263 -0.170765 -0.160151 0.434266 0.295480 0.388682 0.481545 0.513770 0.534998 0.429214 0.259571 0.528850 0.958634 0.614713 0.379606 0.289308 0.407480 0.610268 0.425938 0.475842 -0.151459 -0.111259 -0.135034 -0.195201 -0.203768 -0.185286 -0.156552 -0.171705 -0.193499 -0.222662 -0.225516 -0.189947 -0.189379 -0.185308 -0.174865 -0.177830 -0.177813 
224.708384 -0.237284 -0.200529 -0.206954 -0.223314 -0.221602 -0.200126 -0.231923 -0.210152 -0.175072 -0.205563 -0.197103 -0.178296 -0.206948 -0.183951 -0.185175 -0.172389 -0.160725 0.429122 0.292970 0.380999 0.480045 0.477832 0.509606 0.423782 0.260795 0.521296 0.859188 0.585536 0.377961 0.282382 0.398318 0.627893 0.432699 0.475116 -0.152505 -0.113520 -0.130042 -0.173414 -0.184847 -0.176510 -0.157257 -0.174806 -0.188989 -0.203656 -0.206015 -0.182654 -0.188814 -0.182360 -0.176054 -0.176346 -0.177940 
205.283475 -0.233336 -0.196073 -0.195419 -0.169822 -0.161550 -0.188227 -0.224885 -0.206015 -0.170281 -0.150168 -0.141075 -0.176006 -0.203484 -0.180052 -0.169706 -0.173821 -0.161740 0.412102 0.282915 0.346923 0.367732 0.329900 0.444456 0.410534 0.262577 0.491349 0.564392 0.419459 0.356308 0.268674 0.377061 0.631380 0.439336 0.473312 -0.152021 -0.116800 -0.113453 -0.121106 -0.140943 -0.154619 -0.157209 -0.180737 -0.176705 -0.157306 -0.155908 -0.161832 -0.187178 -0.175218 -0.175814 -0.170945 -0.177875 
199.753206 -0.232353 -0.194429 -0.192102 -0.149806 -0.140684 -0.185895 -0.223566 -0.204636 -0.168916 -0.129704 -0.123037 -0.176816 -0.202792 -0.178283 -0.165071 -0.175403 -0.162139 0.404276 0.279201 0.338553 0.337292 0.295132 0.426121 0.409055 0.263709 0.482547 0.485291 0.381586 0.356134 0.266169 0.369700 0.644115 0.449157 0.474127 -0.150772 -0.117776 -0.107717 -0.101123 -0.123366 -0.144714 -0.156817 -0.182564 -0.171534 -0.138489 -0.135610 -0.153349 -0.187050 -0.172012 -0.177502 -0.170230 -0.177997 
208.946603 -0.234147 -0.196975 -0.198623 -0.181155 -0.174802 -0.191592 -0.226345 -0.206802 -0.171790 -0.161536 -0.153653 -0.178238 -0.204177 -0.180919 -0.173481 -0.174383 -0.161625 0.415864 0.285421 0.357671 0.407184 0.369943 0.458410 0.414257 0.262627 0.499770 0.630958 0.470574 0.365922 0.271306 0.381004 0.642463 0.442433 0.474054 -0.152372 -0.116525 -0.117541 -0.130200 -0.148176 -0.158238 -0.157505 -0.179834 -0.179058 -0.165395 -0.165158 -0.166126 -0.187651 -0.176374 -0.176839 -0.172698 -0.177993 
209.793047 -0.234327 -0.197181 -0.199313 -0.183677 -0.177717 -0.192303 -0.226671 -0.206981 -0.172107 -0.164093 -0.156445 -0.178672 -0.204331 -0.181114 -0.174317 -0.174478 -0.161596 0.416722 0.285981 0.359986 0.415907 0.378991 0.461493 0.415056 0.262621 0.501560 0.646514 0.482165 0.367914 0.271895 0.381889 0.644616 0.442960 0.474223 -0.152448 -0.116452 -0.118429 -0.132310 -0.149864 -0.159082 -0.157565 -0.179620 -0.179593 -0.167268 -0.167284 -0.167096 -0.187747 -0.176648 -0.177040 -0.173066 -0.178015 
216.339810 -0.235621 -0.198741 -0.203172 -0.202346 -0.198423 -0.196125 -0.228929 -0.208406 -0.173689 -0.183462 -0.175616 -0.179162 -0.205453 -0.182527 -0.179533 -0.173768 -0.161236 0.422887 0.289532 0.371030 0.454941 0.428817 0.483405 0.419016 0.261912 0.511617 0.747218 0.538092 0.374099 0.276270 0.389254 0.641096 0.439224 0.474593 -0.152792 -0.115340 -0.124129 -0.150852 -0.165523 -0.167065 -0.157612 -0.177598 -0.183995 -0.183808 -0.185148 -0.174486 -0.188239 -0.179247 -0.176852 -0.174713 -0.178013 
216.840166 -0.235594 -0.198906 -0.201546 -0.204625 -0.199174 -0.194217 -0.228703 -0.208636 -0.172601 -0.186139 -0.174710 -0.174899 -0.205495 -0.182609 -0.178192 -0.171516 -0.160991 0.423022 0.288781 0.362379 0.402396 0.390207 0.483125 0.415852 0.260799 0.507083 0.705819 0.476328 0.360496 0.276740 0.390501 0.609388 0.427450 0.473288 -0.152596 -0.114365 -0.123403 -0.157139 -0.171811 -0.170447 -0.156984 -0.176800 -0.185153 -0.189420 -0.189862 -0.175417 -0.187937 -0.180399 -0.173845 -0.173277 -0.177762 
213.337834 -0.235051 -0.198034 -0.201806 -0.193928 -0.189325 -0.194814 -0.227960 -0.207741 -0.173200 -0.174627 -0.167447 -0.179746 -0.204949 -0.181909 -0.177490 -0.174507 -0.161441 0.420213 0.288155 0.367851 0.446258 0.412474 0.473831 0.417817 0.262428 0.508075 0.708395 0.523514 0.373879 0.274244 0.385802 0.648589 0.443127 0.474651 -0.152710 -0.116014 -0.121816 -0.141676 -0.157556 -0.162975 -0.157715 -0.178637 -0.181889 -0.175603 -0.176521 -0.171117 -0.188080 -0.177915 -0.177444 -0.174281 -0.178062 
217.970928 -0.235888 -0.199124 -0.203144 -0.207072 -0.202940 -0.196018 -0.229325 -0.208806 -0.173483 -0.188545 -0.179035 -0.177186 -0.205720 -0.182823 -0.179939 -0.172532 -0.161041 0.424059 0.289829 0.369001 0.436885 0.420645 0.487884 0.418393 0.261214 0.511424 0.747441 0.518830 0.368805 0.277485 0.391304 0.624821 0.432778 0.474092 -0.152697 -0.114619 -0.124879 -0.157522 -0.171680 -0.170248 -0.157294 -0.176780 -0.185392 -0.189766 -0.190923 -0.176364 -0.188204 -0.180298 -0.175407 -0.174355 -0.177891 
223.148195 -0.236957 -0.200213 -0.206071 -0.219742 -0.217463 -0.199179 -0.231309 -0.209848 -0.174700 -0.201806 -0.193017 -0.177981 -0.206664 -0.183704 -0.183954 -0.172377 -0.160793 0.427998 0.292271 0.378115 0.468699 0.463390 0.504646 0.422437 0.260868 0.519007 0.831116 0.568096 0.375594 0.281252 0.396684 0.626545 0.432486 0.474840 -0.152572 -0.113764 -0.128879 -0.169943 -0.182000 -0.175176 -0.157262 -0.175250 -0.188209 -0.200636 -0.202711 -0.181266 -0.188669 -0.181917 -0.175836 -0.175870 -0.177925 
224.837427 -0.237082 -0.200594 -0.203680 -0.225362 -0.220608 -0.196743 -0.231357 -0.210388 -0.172888 -0.208019 -0.193066 -0.170963 -0.207002 -0.183770 -0.182024 -0.168885 -0.160331 0.428010 0.291011 0.365165 0.359204 0.385040 0.507182 0.418486 0.259067 0.512202 0.746522 0.453737 0.354768 0.283347 0.399626 0.576623 0.415889 0.473068 -0.151890 -0.111827 -0.128094 -0.181879 -0.193633 -0.180760 -0.156029 -0.173547 -0.190300 -0.210939 -0.211115 -0.183031 -0.188311 -0.183921 -0.170603 -0.174192 -0.177527 
212.957587 -0.234785 -0.198046 -0.199118 -0.194113 -0.187046 -0.191533 -0.227214 -0.207826 -0.171559 -0.175297 -0.163372 -0.174086 -0.204767 -0.181886 -0.175025 -0.171602 -0.161180 0.419894 0.286812 0.355006 0.380072 0.360262 0.469648 0.412832 0.261075 0.500795 0.649752 0.443084 0.354979 0.273863 0.386425 0.607817 0.427506 0.472761 -0.152571 -0.114984 -0.120060 -0.147264 -0.163501 -0.166434 -0.156969 -0.177959 -0.182845 -0.180679 -0.180394 -0.171421 -0.187554 -0.179106 -0.173547 -0.172007 -0.177725 
212.531862 -0.231560 -0.198475 -0.202111 -0.192760 -0.186820 -0.194418 -0.225721 -0.205610 -0.175350 -0.173987 -0.164177 -0.179579 -0.204081 -0.182429 -0.175823 -0.173683 -0.161197 0.472751 0.319810 0.366880 0.412208 0.384688 0.477544 0.445554 0.302589 0.517101 0.674423 0.480231 0.371378 0.277159 0.391128 0.627876 0.434329 0.473887 -0.150097 -0.111048 -0.118631 -0.143484 -0.160441 -0.165221 -0.152417 -0.171739 -0.181271 -0.177135 -0.177947 -0.169663 -0.190096 -0.180687 -0.175867 -0.171709 -0.177968 
213.121919 -0.235506 -0.200470 -0.201421 -0.192844 -0.186881 -0.193829 -0.228979 -0.208719 -0.173715 -0.173958 -0.164286 -0.178175 -0.205210 -0.182182 -0.176016 -0.173385 -0.161324 0.453548 0.308241 0.364295 0.412138 0.384656 0.475090 0.437562 0.283989 0.511303 0.673851 0.479911 0.368212 0.276172 0.388374 0.627956 0.435081 0.473860 -0.153312 -0.115278 -0.119987 -0.143314 -0.159998 -0.165197 -0.156514 -0.176797 -0.182197 -0.177068 -0.177465 -0.170888 -0.188270 -0.179371 -0.175475 -0.172710 -0.177921 
205.227527 -0.191477 -0.157514 -0.196257 -0.190794 -0.185707 -0.189349 -0.185006 -0.171346 -0.174814 -0.171236 -0.161229 -0.178069 -0.191270 -0.180708 -0.173125 -0.172659 -0.160249 0.327254 0.223255 0.353777 0.402104 0.375017 0.449719 0.321756 0.246116 0.492137 0.661254 0.473880 0.353992 0.264740 0.385938 0.623160 0.428055 0.472311 -0.118938 -0.085149 -0.114016 -0.142785 -0.159786 -0.156547 -0.129465 -0.148833 -0.173386 -0.177507 -0.180090 -0.159212 -0.199632 -0.180954 -0.178654 -0.166292 -0.177953 
214.772990 -0.244197 -0.207020 -0.201212 -0.193133 -0.187083 -0.193778 -0.236906 -0.215877 -0.171696 -0.174169 -0.164740 -0.176678 -0.207751 -0.181990 -0.176517 -0.173099 -0.161564 0.442751 0.304403 0.362690 0.413368 0.385798 0.475575 0.438628 0.263662 0.507005 0.674623 0.480120 0.366412 0.276857 0.386028 0.628515 0.436486 0.474025 -0.160384 -0.123492 -0.122141 -0.143134 -0.159490 -0.166121 -0.163818 -0.184979 -0.184022 -0.176876 -0.176586 -0.173358 -0.184943 -0.177823 -0.174671 -0.174412 -0.177858 
213.480259 -0.240487 -0.200699 -0.199148 -0.192756 -0.186932 -0.192371 -0.231627 -0.211770 -0.169911 -0.173447 -0.164211 -0.174959 -0.206104 -0.181404 -0.176111 -0.172604 -0.161488 0.388376 0.271093 0.356710 0.411306 0.383905 0.467961 0.398188 0.231658 0.495833 0.671407 0.478706 0.359691 0.272402 0.382336 0.627834 0.435968 0.473587 -0.156984 -0.121170 -0.122208 -0.143020 -0.158980 -0.164322 -0.162603 -0.184639 -0.183121 -0.176997 -0.176661 -0.172342 -0.185176 -0.176725 -0.174977 -0.174226 -0.177823 
209.957546 -0.221403 -0.184343 -0.198342 -0.192019 -0.186446 -0.191346 -0.213614 -0.196061 -0.172505 -0.172697 -0.163057 -0.176596 -0.200492 -0.181362 -0.174965 -0.172793 -0.161002 0.377914 0.258387 0.356354 0.407614 0.380480 0.461567 0.376195 0.250382 0.496673 0.667830 0.477117 0.358615 0.269020 0.384164 0.626229 0.432992 0.473077 -0.141753 -0.105310 -0.118542 -0.143091 -0.159521 -0.161411 -0.148861 -0.170053 -0.179356 -0.177332 -0.178226 -0.167182 -0.191378 -0.178688 -0.176547 -0.171032 -0.177903 
207.327648 -0.203088 -0.171507 -0.199053 -0.191426 -0.186079 -0.191898 -0.197515 -0.180842 -0.176681 -0.172253 -0.162221 -0.180052 -0.194832 -0.181531 -0.173922 -0.173392 -0.160484 0.391876 0.265130 0.360885 0.406237 0.378663 0.462637 0.370660 0.279784 0.507358 0.666955 0.476608 0.363656 0.271151 0.391183 0.624904 0.429696 0.472933 -0.127703 -0.090831 -0.114345 -0.143262 -0.160428 -0.159912 -0.133850 -0.151708 -0.175267 -0.177401 -0.179755 -0.161975 -0.197792 -0.182368 -0.178007 -0.167265 -0.178004 
214.874287 -0.245233 -0.207227 -0.200813 -0.193121 -0.187096 -0.193534 -0.237542 -0.216532 -0.170992 -0.174082 -0.164738 -0.176092 -0.207940 -0.181846 -0.176541 -0.172960 -0.161597 0.430495 0.297528 0.361334 0.413286 0.385706 0.474365 0.431353 0.253715 0.504239 0.674211 0.479924 0.364900 0.276260 0.384999 0.628480 0.436687 0.473991 -0.161165 -0.124723 -0.122573 -0.143078 -0.159297 -0.165995 -0.165019 -0.186459 -0.184206 -0.176854 -0.176423 -0.173659 -0.184325 -0.177346 -0.174566 -0.174704 -0.177839 
210.414368 -0.224439 -0.186495 -0.198228 -0.192108 -0.186514 -0.191336 -0.216230 -0.198485 -0.171807 -0.172749 -0.163200 -0.176067 -0.201356 -0.181306 -0.175129 -0.172695 -0.161083 0.374106 0.256902 0.355653 0.407991 0.380843 0.461683 0.375832 0.243766 0.495088 0.668043 0.477262 0.357928 0.268938 0.383249 0.626476 0.433520 0.473097 -0.144087 -0.107769 -0.119220 -0.143068 -0.159365 -0.161698 -0.151244 -0.172827 -0.179964 -0.177300 -0.177958 -0.168005 -0.190292 -0.178153 -0.176302 -0.171612 -0.177885 
224.219882 -0.282927 -0.241494 -0.203132 -0.194679 -0.188153 -0.196165 -0.274792 -0.248738 -0.165168 -0.175794 -0.167396 -0.173283 -0.219064 -0.181566 -0.178993 -0.172408 -0.162545 0.445074 0.329952 0.364580 0.422473 0.393578 0.491042 0.478118 0.196700 0.504626 0.682284 0.482587 0.369636 0.288568 0.383961 0.630698 0.441899 0.475605 -0.193769 -0.164441 -0.130692 -0.142059 -0.157736 -0.172635 -0.194973 -0.215508 -0.191821 -0.175312 -0.172289 -0.184154 -0.169822 -0.173585 -0.170611 -0.181089 -0.177553 
204.872516 -0.187975 -0.156129 -0.196908 -0.190725 -0.185668 -0.189953 -0.182382 -0.168242 -0.176298 -0.171256 -0.161154 -0.179403 -0.190065 -0.180816 -0.172937 -0.172940 -0.160135 0.338628 0.230551 0.356301 0.402586 0.375144 0.452267 0.326633 0.256524 0.497856 0.661979 0.474098 0.357066 0.267129 0.389236 0.622984 0.427251 0.472399 -0.116454 -0.082460 -0.112948 -0.142874 -0.160107 -0.156726 -0.125866 -0.143684 -0.172407 -0.177440 -0.180424 -0.158148 -0.201106 -0.182337 -0.178941 -0.165310 -0.177985 
208.579061 -0.210489 -0.178607 -0.199890 -0.191770 -0.186270 -0.192610 -0.204831 -0.187200 -0.176475 -0.172709 -0.162724 -0.180026 -0.197222 -0.181809 -0.174410 -0.173508 -0.160666 0.414011 0.279731 0.362508 0.407786 0.380254 0.466717 0.390278 0.287614 0.510297 0.668973 0.477642 0.365915 0.272602 0.391297 0.625726 0.430915 0.473175 -0.133367 -0.095582 -0.115316 -0.143372 -0.160480 -0.161307 -0.138385 -0.156599 -0.176789 -0.177366 -0.179344 -0.163935 -0.195927 -0.182032 -0.177496 -0.168373 -0.178002 
210.078720 -0.221996 -0.185013 -0.198458 -0.192052 -0.186464 -0.191440 -0.214258 -0.196579 -0.172546 -0.172747 -0.163106 -0.176649 -0.200685 -0.181393 -0.175008 -0.172817 -0.161015 0.380674 0.260195 0.356648 0.407777 0.380644 0.462085 0.378493 0.251601 0.497211 0.668089 0.477249 0.358966 0.269290 0.384293 0.626316 0.433112 0.473099 -0.142234 -0.105729 -0.118605 -0.143101 -0.159537 -0.161562 -0.149188 -0.170343 -0.179473 -0.177322 -0.178194 -0.167340 -0.191243 -0.178710 -0.176503 -0.171105 -0.177903 
210.016287 -0.220336 -0.185299 -0.199369 -0.192090 -0.186459 -0.192104 -0.213519 -0.195436 -0.174017 -0.172941 -0.163155 -0.177943 -0.200301 -0.181674 -0.174974 -0.173132 -0.160953 0.403505 0.273819 0.359657 0.408378 0.381048 0.465253 0.392320 0.269648 0.503408 0.669225 0.477772 0.362505 0.271185 0.387000 0.626424 0.432744 0.473229 -0.141058 -0.103888 -0.117760 -0.143219 -0.159918 -0.162003 -0.146871 -0.167032 -0.179069 -0.177315 -0.178473 -0.166817 -0.192339 -0.179841 -0.176673 -0.170499 -0.177939 
229.016688 -0.296803 -0.256685 -0.205622 -0.195457 -0.188580 -0.198017 -0.290221 -0.262436 -0.164364 -0.176964 -0.168745 -0.173780 -0.224040 -0.181753 -0.180156 -0.172478 -0.162879 0.498911 0.372768 0.370842 0.427156 0.397609 0.502907 0.531546 0.198588 0.513613 0.686903 0.484179 0.376821 0.297930 0.386942 0.631247 0.443579 0.476698 -0.206882 -0.180282 -0.133338 -0.141326 -0.157426 -0.176214 -0.206469 -0.226064 -0.195090 -0.174362 -0.170493 -0.188186 -0.164306 -0.172931 -0.168736 -0.183299 -0.177435 
207.556025 -0.205691 -0.172017 -0.198222 -0.191458 -0.186092 -0.191093 -0.199332 -0.183050 -0.175121 -0.172172 -0.162226 -0.178605 -0.195686 -0.181336 -0.174043 -0.173068 -0.160582 0.374704 0.254020 0.357943 0.405593 0.378282 0.459137 0.362347 0.265874 0.500756 0.665863 0.476144 0.359968 0.268847 0.387804 0.624902 0.430326 0.472817 -0.129693 -0.093540 -0.115425 -0.143116 -0.160043 -0.159554 -0.137139 -0.156373 -0.176046 -0.177432 -0.179428 -0.162867 -0.196442 -0.180979 -0.177756 -0.168144 -0.177967 
208.557674 -0.214138 -0.176417 -0.197101 -0.191634 -0.186235 -0.190338 -0.205887 -0.189854 -0.172186 -0.172136 -0.162492 -0.176140 -0.198183 -0.181021 -0.174463 -0.172550 -0.160829 0.349227 0.239545 0.353435 0.405584 0.378618 0.456012 0.351270 0.238416 0.491129 0.665173 0.475931 0.354880 0.266027 0.382671 0.625363 0.431884 0.472736 -0.135931 -0.100216 -0.117712 -0.142975 -0.159376 -0.159684 -0.144754 -0.166294 -0.177947 -0.177441 -0.178620 -0.165244 -0.193069 -0.178547 -0.177069 -0.170101 -0.177900 
215.217726 -0.245136 -0.209279 -0.202212 -0.193276 -0.187135 -0.194509 -0.238504 -0.217112 -0.172730 -0.174474 -0.164948 -0.177664 -0.208267 -0.182292 -0.176655 -0.173353 -0.161572 0.470770 0.321835 0.365706 0.414269 0.386638 0.479393 0.457770 0.281121 0.512842 0.676057 0.480822 0.369873 0.278809 0.388095 0.628824 0.436583 0.474211 -0.161283 -0.123672 -0.121845 -0.143225 -0.159802 -0.166900 -0.163593 -0.184250 -0.184244 -0.176848 -0.176648 -0.173563 -0.185175 -0.178517 -0.174614 -0.174319 -0.177883 
218.594293 -0.265619 -0.220639 -0.199294 -0.193582 -0.187591 -0.193527 -0.254365 -0.230993 -0.164890 -0.174097 -0.165663 -0.171997 -0.212579 -0.180959 -0.177488 -0.171971 -0.162103 0.363595 0.272761 0.354553 0.416309 0.388271 0.475161 0.400358 0.174058 0.488987 0.675340 0.479989 0.358930 0.276544 0.379263 0.629363 0.439414 0.474265 -0.178093 -0.147063 -0.127559 -0.142616 -0.157767 -0.167884 -0.181665 -0.202989 -0.187597 -0.176245 -0.174138 -0.178995 -0.175673 -0.173787 -0.172691 -0.178454 -0.177643 
207.709111 -0.206273 -0.173114 -0.198587 -0.191510 -0.186121 -0.191420 -0.200125 -0.183548 -0.175506 -0.172275 -0.162311 -0.178985 -0.195869 -0.181437 -0.174094 -0.173176 -0.160587 0.383077 0.259415 0.359013 0.406023 0.378660 0.460754 0.368035 0.270989 0.502988 0.666488 0.476448 0.361331 0.269716 0.388724 0.625059 0.430379 0.472883 -0.130150 -0.093662 -0.115306 -0.143172 -0.160154 -0.159890 -0.137049 -0.155968 -0.176101 -0.177417 -0.179445 -0.162973 -0.196484 -0.181293 -0.177735 -0.168102 -0.177976 
210.132171 -0.234826 -0.197918 -0.200154 -0.192677 -0.186852 -0.192910 -0.226725 -0.206263 -0.171344 -0.172784 -0.163361 -0.176310 -0.196759 -0.174891 -0.170234 -0.167721 -0.154461 0.419726 0.286945 0.360444 0.411081 0.383768 0.470250 0.417393 0.260062 0.502942 0.670908 0.478102 0.362989 0.294933 0.384974 0.596048 0.412567 0.460825 -0.152645 -0.115426 -0.120457 -0.143262 -0.159524 -0.164167 -0.157781 -0.178571 -0.182467 -0.177654 -0.177753 -0.170655 -0.170715 -0.163326 -0.162288 -0.159681 -0.166165 
208.000591 -0.234866 -0.197924 -0.200125 -0.192711 -0.186847 -0.192909 -0.225343 -0.205865 -0.170750 -0.171859 -0.162410 -0.174784 -0.189998 -0.168556 -0.161780 -0.157974 -0.141932 0.419221 0.286782 0.360250 0.411288 0.383698 0.470000 0.408214 0.258051 0.498560 0.661985 0.472250 0.357942 0.249774 0.346135 0.541640 0.378443 0.402215 -0.152271 -0.115229 -0.120347 -0.142961 -0.159345 -0.163992 -0.155925 -0.177286 -0.181791 -0.176905 -0.177525 -0.170121 -0.170453 -0.162733 -0.160924 -0.156695 -0.161094 
206.769200 -0.234878 -0.197923 -0.200115 -0.192718 -0.186855 -0.192919 -0.224734 -0.205373 -0.170321 -0.171354 -0.161929 -0.174180 -0.185805 -0.164773 -0.157676 -0.153591 -0.136301 0.419130 0.286675 0.360200 0.411382 0.383736 0.469957 0.406074 0.257004 0.497105 0.659043 0.470314 0.356269 0.241461 0.334243 0.518472 0.363005 0.382254 -0.152169 -0.115131 -0.120299 -0.142895 -0.159280 -0.163922 -0.155480 -0.176926 -0.181694 -0.176832 -0.177578 -0.169948 -0.165978 -0.158705 -0.157126 -0.152350 -0.156440 
211.016963 -0.234820 -0.197920 -0.200158 -0.192675 -0.186846 -0.192901 -0.227068 -0.206668 -0.171652 -0.173103 -0.163655 -0.176631 -0.199568 -0.177367 -0.172662 -0.170237 -0.157667 0.419755 0.287041 0.360467 0.411043 0.383742 0.470303 0.417991 0.260735 0.503678 0.672383 0.479097 0.363855 0.296651 0.390816 0.611499 0.422743 0.472388 -0.152689 -0.115489 -0.120484 -0.143279 -0.159562 -0.164216 -0.157916 -0.178707 -0.182465 -0.177621 -0.177688 -0.170771 -0.174955 -0.167109 -0.165701 -0.163292 -0.169606 
209.708018 -0.234837 -0.197920 -0.200146 -0.192687 -0.186849 -0.192906 -0.226401 -0.206249 -0.171244 -0.172586 -0.163149 -0.175922 -0.195460 -0.173641 -0.168343 -0.165420 -0.151568 0.419614 0.286912 0.360413 0.411152 0.383751 0.470180 0.414688 0.259643 0.501751 0.668461 0.476454 0.361597 0.281519 0.374415 0.582627 0.404525 0.445511 -0.152539 -0.115381 -0.120431 -0.143171 -0.159475 -0.164121 -0.157235 -0.178207 -0.182247 -0.177400 -0.177643 -0.170498 -0.171749 -0.164113 -0.162772 -0.159795 -0.165652 
210.763843 -0.234848 -0.197929 -0.200141 -0.192701 -0.186828 -0.192883 -0.226479 -0.207078 -0.171704 -0.172888 -0.163364 -0.175876 -0.198989 -0.176545 -0.169813 -0.166389 -0.152715 0.419390 0.287054 0.360341 0.411194 0.383661 0.470097 0.410750 0.260170 0.501134 0.666966 0.475634 0.360787 0.254284 0.364041 0.588482 0.409820 0.437052 -0.152427 -0.115427 -0.120440 -0.143035 -0.159466 -0.164136 -0.156476 -0.177794 -0.181824 -0.176852 -0.177331 -0.170463 -0.182917 -0.173880 -0.171082 -0.167623 -0.171926 
211.028348 -0.234812 -0.197917 -0.200164 -0.192667 -0.186852 -0.192907 -0.227206 -0.206519 -0.171616 -0.173147 -0.163723 -0.176846 -0.199554 -0.177445 -0.173305 -0.171221 -0.158819 0.419875 0.287014 0.360507 0.410978 0.383778 0.470353 0.420179 0.260817 0.504471 0.674018 0.480218 0.364810 0.307723 0.397914 0.617598 0.425893 0.481215 -0.152766 -0.115503 -0.120497 -0.143352 -0.159592 -0.164240 -0.158346 -0.178975 -0.182667 -0.177866 -0.177825 -0.170878 -0.172369 -0.164938 -0.163921 -0.161697 -0.168578 
219.511348 -0.234761 -0.197940 -0.200192 -0.192652 -0.186790 -0.192827 -0.229844 -0.209973 -0.174115 -0.175649 -0.165970 -0.179198 -0.222733 -0.197890 -0.192823 -0.191147 -0.184647 0.420104 0.287733 0.360635 0.410760 0.383622 0.470543 0.422402 0.266485 0.509923 0.684308 0.487530 0.370811 0.295113 0.430151 0.743266 0.509816 0.564997 -0.153092 -0.115985 -0.120723 -0.143416 -0.159869 -0.164627 -0.158922 -0.179667 -0.182340 -0.177232 -0.177068 -0.171710 -0.210605 -0.199048 -0.194855 -0.194205 -0.198989 
212.764392 -0.234815 -0.197926 -0.200163 -0.192677 -0.186828 -0.192879 -0.227600 -0.207551 -0.172257 -0.173668 -0.164153 -0.177069 -0.204937 -0.182039 -0.176779 -0.174268 -0.162886 0.419770 0.287205 0.360474 0.411006 0.383702 0.470286 0.417368 0.261947 0.504509 0.673842 0.480179 0.364726 0.288625 0.394992 0.635986 0.439619 0.486176 -0.152715 -0.115591 -0.120530 -0.143253 -0.159609 -0.164288 -0.157821 -0.178740 -0.182292 -0.177355 -0.177456 -0.170907 -0.185166 -0.176133 -0.173715 -0.171512 -0.177050 
205.934495 -0.234860 -0.197912 -0.200122 -0.192699 -0.186876 -0.192946 -0.224765 -0.204437 -0.169823 -0.171076 -0.161739 -0.174344 -0.182487 -0.162199 -0.156950 -0.153528 -0.136507 0.419377 0.286537 0.360294 0.411306 0.383820 0.470047 0.411090 0.256549 0.498102 0.661460 0.471659 0.357460 0.268863 0.345210 0.514389 0.359323 0.392676 -0.152330 -0.115093 -0.120297 -0.143072 -0.159300 -0.163911 -0.156462 -0.177448 -0.182181 -0.177464 -0.177892 -0.169964 -0.153484 -0.147816 -0.148078 -0.144148 -0.150385 
213.952825 -0.234830 -0.197938 -0.200153 -0.192696 -0.186803 -0.192851 -0.227556 -0.208455 -0.172716 -0.173926 -0.164295 -0.176879 -0.208506 -0.184964 -0.177860 -0.174694 -0.163407 0.419468 0.287343 0.360388 0.411117 0.383577 0.470148 0.411906 0.262375 0.503372 0.671307 0.478718 0.363283 0.245238 0.375115 0.635251 0.441693 0.465719 -0.152552 -0.115625 -0.120533 -0.143066 -0.159577 -0.164282 -0.156760 -0.178111 -0.181711 -0.176622 -0.177044 -0.170772 -0.198095 -0.187461 -0.183354 -0.180472 -0.184242 
207.105180 -0.234844 -0.197911 -0.200136 -0.192686 -0.186875 -0.192942 -0.225468 -0.204786 -0.170210 -0.171605 -0.162265 -0.175121 -0.186556 -0.165920 -0.161444 -0.158623 -0.142945 0.419599 0.286641 0.360377 0.411205 0.383799 0.470152 0.415056 0.257605 0.500182 0.665757 0.474514 0.359921 0.285944 0.362436 0.541367 0.376612 0.419213 -0.152494 -0.115203 -0.120354 -0.143200 -0.159391 -0.164002 -0.157275 -0.178039 -0.182456 -0.177757 -0.177972 -0.170235 -0.155556 -0.149815 -0.150153 -0.146866 -0.153917 
217.608522 -0.234799 -0.197944 -0.200170 -0.192682 -0.186784 -0.192825 -0.228826 -0.209690 -0.173693 -0.175006 -0.165293 -0.178093 -0.218129 -0.193595 -0.186856 -0.184222 -0.175844 0.419744 0.287609 0.360474 0.410946 0.383564 0.470280 0.415315 0.264860 0.506441 0.677319 0.482821 0.366734 0.249798 0.394528 0.691463 0.479069 0.507438 -0.152776 -0.115839 -0.120639 -0.143176 -0.159720 -0.164460 -0.157485 -0.178688 -0.181783 -0.176610 -0.176834 -0.171178 -0.210666 -0.198811 -0.193985 -0.192142 -0.195948 
221.412581 -0.234773 -0.197953 -0.200181 -0.192672 -0.186760 -0.192796 -0.229870 -0.210942 -0.174606 -0.175956 -0.166136 -0.179057 -0.227105 -0.201619 -0.194754 -0.192452 -0.186632 0.419831 0.287885 0.360517 0.410859 0.383519 0.470391 0.416786 0.267152 0.508759 0.681791 0.485944 0.369311 0.236940 0.402444 0.738455 0.511138 0.533637 -0.152937 -0.116026 -0.120730 -0.143223 -0.159831 -0.164613 -0.157820 -0.178974 -0.181675 -0.176388 -0.176529 -0.171471 -0.224438 -0.211241 -0.205500 -0.204334 -0.207806 
225.201625 -0.234741 -0.197960 -0.200193 -0.192657 -0.186743 -0.192774 -0.230932 -0.211985 -0.175409 -0.176835 -0.166937 -0.180061 -0.235213 -0.208920 -0.202411 -0.200584 -0.197315 0.420059 0.288139 0.360562 0.410691 0.383471 0.470535 0.419586 0.269453 0.511371 0.686863 0.489465 0.372310 0.236287 0.416072 0.788361 0.544223 0.567473 -0.153152 -0.116205 -0.120822 -0.143317 -0.159955 -0.164779 -0.158412 -0.179406 -0.181703 -0.176334 -0.176317 -0.171833 -0.235158 -0.220996 -0.214809 -0.214512 -0.217914 
207.272580 -0.234847 -0.197912 -0.200134 -0.192689 -0.186871 -0.192937 -0.225470 -0.204970 -0.170307 -0.171657 -0.162302 -0.175078 -0.187190 -0.166420 -0.161605 -0.158610 -0.142933 0.419528 0.286658 0.360362 0.411203 0.383826 0.470139 0.414032 0.257714 0.499960 0.665151 0.474126 0.359598 0.281398 0.360573 0.542071 0.377347 0.417525 -0.152460 -0.115209 -0.120353 -0.143163 -0.159382 -0.164001 -0.157068 -0.177928 -0.182351 -0.177620 -0.177890 -0.170214 -0.157987 -0.151915 -0.151927 -0.148543 -0.155184 
208.842521 -0.234853 -0.197922 -0.200135 -0.192700 -0.186847 -0.192907 -0.225856 -0.206072 -0.170999 -0.172216 -0.162770 -0.175323 -0.192721 -0.171089 -0.164990 -0.161570 -0.146613 0.419371 0.286861 0.360317 0.411204 0.383707 0.470065 0.411165 0.258830 0.500034 0.664956 0.474192 0.359634 0.264226 0.359260 0.560926 0.390900 0.422425 -0.152395 -0.115303 -0.120387 -0.143057 -0.159404 -0.164052 -0.156521 -0.177710 -0.181990 -0.177118 -0.177560 -0.170287 -0.171384 -0.163651 -0.162044 -0.158441 -0.163518 
225.052160 -0.234757 -0.197963 -0.200185 -0.192670 -0.186734 -0.192767 -0.230623 -0.212110 -0.175391 -0.176721 -0.166774 -0.179723 -0.234846 -0.208546 -0.201092 -0.198927 -0.195180 0.419881 0.288137 0.360517 0.410776 0.383408 0.470394 0.416422 0.269057 0.510142 0.684316 0.487771 0.370782 0.204718 0.396711 0.770006 0.533945 0.536740 -0.153015 -0.116174 -0.120797 -0.143204 -0.159901 -0.164717 -0.157750 -0.178949 -0.181394 -0.175967 -0.176136 -0.171581 -0.238228 -0.223719 -0.216952 -0.216015 -0.219086 
222.730845 -0.234778 -0.197959 -0.200177 -0.192680 -0.186745 -0.192780 -0.229957 -0.211502 -0.174916 -0.176187 -0.166284 -0.179098 -0.229958 -0.204128 -0.196350 -0.193888 -0.188493 0.419738 0.287996 0.360474 0.410893 0.383446 0.470323 0.414464 0.267629 0.508471 0.681177 0.485602 0.368905 0.203436 0.387665 0.739978 0.513891 0.515942 -0.152876 -0.116064 -0.120740 -0.143140 -0.159826 -0.164616 -0.157348 -0.178660 -0.181360 -0.175982 -0.176267 -0.171367 -0.232176 -0.218216 -0.211617 -0.210071 -0.213071 
248.948331 -0.234648 -0.198014 -0.200198 -0.192642 -0.186591 -0.192622 -0.234452 -0.217637 -0.179029 -0.180347 -0.169693 -0.183119 -0.272337 -0.242936 -0.233783 -0.233018 -0.241097 0.419941 0.289293 0.360471 0.410342 0.382887 0.470272 0.417602 0.279773 0.517366 0.697102 0.495843 0.378354 0.012109 0.354395 0.918014 0.634267 0.424444 -0.153468 -0.116881 -0.121124 -0.143130 -0.160149 -0.165108 -0.157425 -0.178440 -0.179999 -0.173528 -0.173590 -0.171275 -0.301209 -0.282115 -0.271916 -0.270941 -0.276226 
