2.5337 2.4691 2.5337 2.4691 1.5039 1.6333 2.5009 2.4047 2.5009 2.4047 2.4129 2.5164 2.5337 2.4691 2.5337 2.4691 1.5039 1.6333 2.5009 2.4047 2.5009 2.4047 2.4129 2.5164 2.5675 2.5628 2.5675 2.5628 2.5675 2.5628 2.5675 2.5628 2.5675 2.5628
2.5657 2.5052 2.5657 2.5052 1.0707 0.8290 2.5041 2.4493 2.5041 2.4493 2.5804 2.4890 2.5657 2.5052 2.5657 2.5052 1.0707 0.8290 2.5041 2.4493 2.5041 2.4493 2.5804 2.4890 2.5689 2.5192 2.5689 2.5192 2.5689 2.5192 2.5689 2.5192 2.5689 2.5192
2.5000 2.5550 2.5000 2.5550 0.6722 0.8826 2.4804 2.4339 2.4804 2.4339 2.4474 2.5356 2.5000 2.5550 2.5000 2.5550 0.6722 0.8826 2.4804 2.4339 2.4804 2.4339 2.4474 2.5356 2.4543 2.5804 2.4543 2.5804 2.4543 2.5804 2.4543 2.5804 2.4543 2.5804
2.4407 2.5845 2.4407 2.5845 0.9577 1.1070 2.5155 2.5422 2.5155 2.5422 2.5471 2.4208 2.4407 2.5845 2.4407 2.5845 0.9577 1.1070 2.5155 2.5422 2.5155 2.5422 2.5471 2.4208 2.4798 2.5165 2.4798 2.5165 2.4798 2.5165 2.4798 2.5165 2.4798 2.5165
2.4098 2.5265 2.4098 2.5265 1.1809 1.1388 2.5125 2.5150 2.5125 2.5150 2.4478 2.5972 2.4098 2.5265 2.4098 2.5265 1.1809 1.1388 2.5125 2.5150 2.5125 2.5150 2.4478 2.5972 2.5087 2.5344 2.5087 2.5344 2.5087 2.5344 2.5087 2.5344 2.5087 2.5344
2.4041 2.4570 2.4041 2.4570 1.4155 1.1371 2.4758 2.4045 2.4758 2.4045 2.5587 2.4994 2.4041 2.4570 2.4041 2.4570 1.4155 1.1371 2.4758 2.4045 2.4758 2.4045 2.5587 2.4994 2.5684 2.4933 2.5684 2.4933 2.5684 2.4933 2.5684 2.4933 2.5684 2.4933
2.4932 2.5134 2.4932 2.5134 1.3806 1.3015 2.5979 2.5756 2.5979 2.5756 2.4242 2.5510 2.4932 2.5134 2.4932 2.5134 1.3806 1.3015 2.5979 2.5756 2.5979 2.5756 2.4242 2.5510 2.4849 2.5279 2.4849 2.5279 2.4849 2.5279 2.4849 2.5279 2.4849 2.5279
2.5761 2.5065 2.5761 2.5065 1.4480 1.0753 2.5691 2.5708 2.5691 2.5708 2.4118 2.5500 2.5761 2.5065 2.5761 2.5065 1.4480 1.0753 2.5691 2.5708 2.5691 2.5708 2.4118 2.5500 2.4396 2.5231 2.4396 2.5231 2.4396 2.5231 2.4396 2.5231 2.4396 2.5231
2.4659 2.4433 2.4659 2.4433 0.9548 0.8176 2.5034 2.4958 2.5034 2.4958 2.5059 2.4493 2.4659 2.4433 2.4659 2.4433 0.9548 0.8176 2.5034 2.4958 2.5034 2.4958 2.5059 2.4493 2.4659 2.5287 2.4659 2.5287 2.4659 2.5287 2.4659 2.5287 2.4659 2.5287
2.4647 2.4374 2.4647 2.4374 0.7396 0.8189 2.5824 2.5174 2.5824 2.5174 2.4156 2.5527 2.4647 2.4374 2.4647 2.4374 0.7396 0.8189 2.5824 2.5174 2.5824 2.5174 2.4156 2.5527 2.4449 2.4025 2.4449 2.4025 2.4449 2.4025 2.4449 2.4025 2.4449 2.4025
2.4924 2.4637 2.4924 2.4637 2.4915 2.4898 2.4974 2.4489 2.4974 2.4489 1.1182 1.2843 2.4924 2.4637 2.4924 2.4637 2.4915 2.4898 2.4974 2.4489 2.4974 2.4489 1.1182 1.2843 2.4161 2.5161 2.4161 2.5161 2.4161 2.5161 2.4161 2.5161 2.4161 2.5161
2.5766 2.5703 2.5766 2.5703 2.4676 2.4607 2.5198 2.4280 2.5198 2.4280 1.4954 1.8845 2.5766 2.5703 2.5766 2.5703 2.4676 2.4607 2.5198 2.4280 2.5198 2.4280 1.4954 1.8845 2.4362 2.4257 2.4362 2.4257 2.4362 2.4257 2.4362 2.4257 2.4362 2.4257
2.4145 2.5191 2.4145 2.5191 2.4373 2.4170 2.5743 2.5294 2.5743 2.5294 1.0269 1.1761 2.4145 2.5191 2.4145 2.5191 2.4373 2.4170 2.5743 2.5294 2.5743 2.5294 1.0269 1.1761 2.5415 2.5792 2.5415 2.5792 2.5415 2.5792 2.5415 2.5792 2.5415 2.5792
2.4069 2.4111 2.4069 2.4111 2.4227 2.5634 2.4663 2.4298 2.4663 2.4298 1.1779 1.4203 2.4069 2.4111 2.4069 2.4111 2.4227 2.5634 2.4663 2.4298 2.4663 2.4298 1.1779 1.4203 2.5967 2.4052 2.5967 2.4052 2.5967 2.4052 2.5967 2.4052 2.5967 2.4052
2.4703 2.5750 2.4703 2.5750 2.5295 2.4872 2.5954 2.5327 2.5954 2.5327 1.4675 1.1450 2.4703 2.5750 2.4703 2.5750 2.5295 2.4872 2.5954 2.5327 2.5954 2.5327 1.4675 1.1450 2.4866 2.4556 2.4866 2.4556 2.4866 2.4556 2.4866 2.4556 2.4866 2.4556
2.4541 2.5762 2.4541 2.5762 2.4907 2.5998 2.4732 2.5578 2.4732 2.5578 1.4540 1.2989 2.4541 2.5762 2.4541 2.5762 2.4907 2.5998 2.4732 2.5578 2.4732 2.5578 1.4540 1.2989 2.4263 2.5392 2.4263 2.5392 2.4263 2.5392 2.4263 2.5392 2.4263 2.5392
2.5073 2.4712 2.5073 2.4712 2.5855 2.4814 2.4833 2.5736 2.4833 2.5736 1.2110 1.0787 2.5073 2.4712 2.5073 2.4712 2.5855 2.4814 2.4833 2.5736 2.4833 2.5736 1.2110 1.0787 2.5310 2.4202 2.5310 2.4202 2.5310 2.4202 2.5310 2.4202 2.5310 2.4202
2.5794 2.4330 2.5794 2.4330 2.4210 2.5645 2.4835 2.4216 2.4835 2.4216 1.0062 1.1489 2.5794 2.4330 2.5794 2.4330 2.4210 2.5645 2.4835 2.4216 2.4835 2.4216 1.0062 1.1489 2.5292 2.4920 2.5292 2.4920 2.5292 2.4920 2.5292 2.4920 2.5292 2.4920
2.5400 2.5048 2.5400 2.5048 2.4669 2.5996 2.5372 2.5510 2.5372 2.5510 1.2166 1.0324 2.5400 2.5048 2.5400 2.5048 2.4669 2.5996 2.5372 2.5510 2.5372 2.5510 1.2166 1.0324 2.5284 2.4279 2.5284 2.4279 2.5284 2.4279 2.5284 2.4279 2.5284 2.4279
2.4398 2.5828 2.4398 2.5828 2.4049 2.4959 2.4605 2.5517 2.4605 2.5517 1.4212 1.4072 2.4398 2.5828 2.4398 2.5828 2.4049 2.4959 2.4605 2.5517 2.4605 2.5517 1.4212 1.4072 2.4516 2.5966 2.4516 2.5966 2.4516 2.5966 2.4516 2.5966 2.4516 2.5966
2.4987 2.4884 2.4987 2.4884 2.5835 2.5575 0.7821 1.0428 0.7821 1.0428 2.5641 2.5277 2.4987 2.4884 2.4987 2.4884 2.5835 2.5575 0.7821 1.0428 0.7821 1.0428 2.5641 2.5277 2.5889 2.4577 2.5889 2.4577 2.5889 2.4577 2.5889 2.4577 2.5889 2.4577
2.4746 2.5307 2.4746 2.5307 2.5813 2.5495 1.0962 1.2672 1.0962 1.2672 2.5479 2.5002 2.4746 2.5307 2.4746 2.5307 2.5813 2.5495 1.0962 1.2672 1.0962 1.2672 2.5479 2.5002 2.5745 2.5597 2.5745 2.5597 2.5745 2.5597 2.5745 2.5597 2.5745 2.5597
2.4914 2.4315 2.4914 2.4315 2.5363 2.5842 1.2858 1.2778 1.2858 1.2778 2.5363 2.4557 2.4914 2.4315 2.4914 2.4315 2.5363 2.5842 1.2858 1.2778 1.2858 1.2778 2.5363 2.4557 2.4606 2.4310 2.4606 2.4310 2.4606 2.4310 2.4606 2.4310 2.4606 2.4310
2.4493 2.5893 2.4493 2.5893 2.5445 2.4009 1.0857 1.2578 1.0857 1.2578 2.5136 2.5145 2.4493 2.5893 2.4493 2.5893 2.5445 2.4009 1.0857 1.2578 1.0857 1.2578 2.5136 2.5145 2.5625 2.4920 2.5625 2.4920 2.5625 2.4920 2.5625 2.4920 2.5625 2.4920
2.4175 2.5670 2.4175 2.5670 2.4239 2.5848 1.3252 1.2582 1.3252 1.2582 2.5527 2.5807 2.4175 2.5670 2.4175 2.5670 2.4239 2.5848 1.3252 1.2582 1.3252 1.2582 2.5527 2.5807 2.4759 2.4592 2.4759 2.4592 2.4759 2.4592 2.4759 2.4592 2.4759 2.4592
2.4559 2.5536 2.4559 2.5536 2.4593 2.4012 1.1402 1.2964 1.1402 1.2964 2.5242 2.5713 2.4559 2.5536 2.4559 2.5536 2.4593 2.4012 1.1402 1.2964 1.1402 1.2964 2.5242 2.5713 2.5801 2.5349 2.5801 2.5349 2.5801 2.5349 2.5801 2.5349 2.5801 2.5349
2.4824 2.5877 2.4824 2.5877 2.4294 2.5548 1.3006 0.9133 1.3006 0.9133 2.4876 2.4588 2.4824 2.5877 2.4824 2.5877 2.4294 2.5548 1.3006 0.9133 1.3006 0.9133 2.4876 2.4588 2.4284 2.4079 2.4284 2.4079 2.4284 2.4079 2.4284 2.4079 2.4284 2.4079
2.4640 2.4509 2.4640 2.4509 2.5955 2.4020 0.8889 1.1874 0.8889 1.1874 2.5306 2.5314 2.4640 2.4509 2.4640 2.4509 2.5955 2.4020 0.8889 1.1874 0.8889 1.1874 2.5306 2.5314 2.5477 2.4540 2.5477 2.4540 2.5477 2.4540 2.5477 2.4540 2.5477 2.4540
2.4202 2.5291 2.4202 2.5291 2.4070 2.4177 1.2928 0.8917 1.2928 0.8917 2.5248 2.5752 2.4202 2.5291 2.4202 2.5291 2.4070 2.4177 1.2928 0.8917 1.2928 0.8917 2.5248 2.5752 2.4408 2.4446 2.4408 2.4446 2.4408 2.4446 2.4408 2.4446 2.4408 2.4446
2.4513 2.4945 2.4513 2.4945 2.5463 2.5339 0.9345 1.1642 0.9345 1.1642 2.5470 2.5693 2.4513 2.4945 2.4513 2.4945 2.5463 2.5339 0.9345 1.1642 0.9345 1.1642 2.5470 2.5693 2.5139 2.5993 2.5139 2.5993 2.5139 2.5993 2.5139 2.5993 2.5139 2.5993
1.0011 0.9222 1.0011 0.9222 2.4121 2.4656 2.5521 2.4514 2.5521 2.4514 2.5455 2.4299 1.0011 0.9222 1.0011 0.9222 2.4121 2.4656 2.5521 2.4514 2.5521 2.4514 2.5455 2.4299 2.4398 2.4619 2.4398 2.4619 2.4398 2.4619 2.4398 2.4619 2.4398 2.4619
1.3420 1.0166 1.3420 1.0166 2.5290 2.5386 2.5309 2.4791 2.5309 2.4791 2.5786 2.4842 1.3420 1.0166 1.3420 1.0166 2.5290 2.5386 2.5309 2.4791 2.5309 2.4791 2.5786 2.4842 2.5504 2.4386 2.5504 2.4386 2.5504 2.4386 2.5504 2.4386 2.5504 2.4386
1.2421 1.2961 1.2421 1.2961 2.5259 2.5997 2.4558 2.5263 2.4558 2.5263 2.5437 2.4306 1.2421 1.2961 1.2421 1.2961 2.5259 2.5997 2.4558 2.5263 2.4558 2.5263 2.5437 2.4306 2.4532 2.4865 2.4532 2.4865 2.4532 2.4865 2.4532 2.4865 2.4532 2.4865
1.1654 1.3299 1.1654 1.3299 2.4384 2.5252 2.4199 2.5996 2.4199 2.5996 2.4829 2.4721 1.1654 1.3299 1.1654 1.3299 2.4384 2.5252 2.4199 2.5996 2.4199 2.5996 2.4829 2.4721 2.5221 2.5262 2.5221 2.5262 2.5221 2.5262 2.5221 2.5262 2.5221 2.5262
1.3608 1.6093 1.3608 1.6093 2.5977 2.4675 2.4687 2.5822 2.4687 2.5822 2.5752 2.5705 1.3608 1.6093 1.3608 1.6093 2.5977 2.4675 2.4687 2.5822 2.4687 2.5822 2.5752 2.5705 2.5777 2.4469 2.5777 2.4469 2.5777 2.4469 2.5777 2.4469 2.5777 2.4469
1.1367 0.8614 1.1367 0.8614 2.5995 2.4796 2.4686 2.5326 2.4686 2.5326 2.4012 2.4249 1.1367 0.8614 1.1367 0.8614 2.5995 2.4796 2.4686 2.5326 2.4686 2.5326 2.4012 2.4249 2.4738 2.5237 2.4738 2.5237 2.4738 2.5237 2.4738 2.5237 2.4738 2.5237
1.4142 1.0218 1.4142 1.0218 2.4347 2.5087 2.5133 2.5476 2.5133 2.5476 2.5448 2.4701 1.4142 1.0218 1.4142 1.0218 2.4347 2.5087 2.5133 2.5476 2.5133 2.5476 2.5448 2.4701 2.4226 2.5671 2.4226 2.5671 2.4226 2.5671 2.4226 2.5671 2.4226 2.5671
1.0427 1.1619 1.0427 1.1619 2.4155 2.4869 2.5061 2.5168 2.5061 2.5168 2.4011 2.5441 1.0427 1.1619 1.0427 1.1619 2.4155 2.4869 2.5061 2.5168 2.5061 2.5168 2.4011 2.5441 2.5947 2.4566 2.5947 2.4566 2.5947 2.4566 2.5947 2.4566 2.5947 2.4566
1.2885 0.9480 1.2885 0.9480 2.5944 2.5865 2.5943 2.4677 2.5943 2.4677 2.4968 2.5066 1.2885 0.9480 1.2885 0.9480 2.5944 2.5865 2.5943 2.4677 2.5943 2.4677 2.4968 2.5066 2.4300 2.4432 2.4300 2.4432 2.4300 2.4432 2.4300 2.4432 2.4300 2.4432
1.0316 1.2168 1.0316 1.2168 2.4715 2.4573 2.5676 2.4977 2.5676 2.4977 2.5134 2.4241 1.0316 1.2168 1.0316 1.2168 2.4715 2.4573 2.5676 2.4977 2.5676 2.4977 2.5134 2.4241 2.5791 2.5847 2.5791 2.5847 2.5791 2.5847 2.5791 2.5847 2.5791 2.5847
2.4156 2.5340 2.4156 2.5340 2.4388 2.4892 2.4752 2.4222 2.4752 2.4222 2.5026 2.4329 2.4156 2.5340 2.4156 2.5340 2.4388 2.4892 2.4752 2.4222 2.4752 2.4222 2.5026 2.4329 1.2077 1.1224 1.2077 1.1224 1.2077 1.1224 1.2077 1.1224 1.2077 1.1224
2.5321 2.4574 2.5321 2.4574 2.4235 2.5027 2.4187 2.4577 2.4187 2.4577 2.4278 2.4014 2.5321 2.4574 2.5321 2.4574 2.4235 2.5027 2.4187 2.4577 2.4187 2.4577 2.4278 2.4014 1.4976 1.4894 1.4976 1.4894 1.4976 1.4894 1.4976 1.4894 1.4976 1.4894
2.4462 2.5540 2.4462 2.5540 2.5022 2.4042 2.5217 2.4449 2.5217 2.4449 2.5983 2.4550 2.4462 2.5540 2.4462 2.5540 2.5022 2.4042 2.5217 2.4449 2.5217 2.4449 2.5983 2.4550 1.1163 1.5070 1.1163 1.5070 1.1163 1.5070 1.1163 1.5070 1.1163 1.5070
2.4995 2.5359 2.4995 2.5359 2.4162 2.4136 2.5063 2.4263 2.5063 2.4263 2.5796 2.5048 2.4995 2.5359 2.4995 2.5359 2.4162 2.4136 2.5063 2.4263 2.5063 2.4263 2.5796 2.5048 1.3399 1.3282 1.3399 1.3282 1.3399 1.3282 1.3399 1.3282 1.3399 1.3282
2.5049 2.4373 2.5049 2.4373 2.5504 2.4962 2.4350 2.5558 2.4350 2.5558 2.4107 2.4734 2.5049 2.4373 2.5049 2.4373 2.5504 2.4962 2.4350 2.5558 2.4350 2.5558 2.4107 2.4734 0.9994 1.1754 0.9994 1.1754 0.9994 1.1754 0.9994 1.1754 0.9994 1.1754
2.5188 2.4025 2.5188 2.4025 2.5656 2.4608 2.4371 2.4834 2.4371 2.4834 2.5381 2.4631 2.5188 2.4025 2.5188 2.4025 2.5656 2.4608 2.4371 2.4834 2.4371 2.4834 2.5381 2.4631 1.4583 1.3390 1.4583 1.3390 1.4583 1.3390 1.4583 1.3390 1.4583 1.3390
2.5279 2.5300 2.5279 2.5300 2.4547 2.5562 2.5719 2.5507 2.5719 2.5507 2.5260 2.4326 2.5279 2.5300 2.5279 2.5300 2.4547 2.5562 2.5719 2.5507 2.5719 2.5507 2.5260 2.4326 0.9880 1.5808 0.9880 1.5808 0.9880 1.5808 0.9880 1.5808 0.9880 1.5808
2.4871 2.5649 2.4871 2.5649 2.5562 2.5339 2.5476 2.5261 2.5476 2.5261 2.4107 2.5108 2.4871 2.5649 2.4871 2.5649 2.5562 2.5339 2.5476 2.5261 2.5476 2.5261 2.4107 2.5108 1.3533 1.4871 1.3533 1.4871 1.3533 1.4871 1.3533 1.4871 1.3533 1.4871
2.5184 2.4434 2.5184 2.4434 2.5459 2.4938 2.4284 2.5510 2.4284 2.5510 2.4983 2.4351 2.5184 2.4434 2.5184 2.4434 2.5459 2.4938 2.4284 2.5510 2.4284 2.5510 2.4983 2.4351 1.1078 1.0653 1.1078 1.0653 1.1078 1.0653 1.1078 1.0653 1.1078 1.0653
2.4413 2.5343 2.4413 2.5343 2.4274 2.5790 2.5505 2.5185 2.5505 2.5185 2.4291 2.5791 2.4413 2.5343 2.4413 2.5343 2.4274 2.5790 2.5505 2.5185 2.5505 2.5185 2.4291 2.5791 1.1834 1.2822 1.1834 1.2822 1.1834 1.2822 1.1834 1.2822 1.1834 1.2822
