1.0391 1.0421 1.0391 1.0421 1.5039 1.6333 1.0190 1.0764 1.0190 1.0764 1.0307 0.9156 1.0391 1.0421 1.0391 1.0421 1.5039 1.6333 1.0190 1.0764 1.0190 1.0764 1.0307 0.9156 0.9970 1.0871 0.9970 1.0871 0.9970 1.0871 0.9970 1.0871 0.9970 1.0871
0.9165 1.0830 0.9165 1.0830 1.0707 0.8290 0.9936 0.9347 0.9936 0.9347 1.0926 1.0011 0.9165 1.0830 0.9165 1.0830 1.0707 0.8290 0.9936 0.9347 0.9936 0.9347 1.0926 1.0011 0.9003 0.9210 0.9003 0.9210 0.9003 0.9210 0.9003 0.9210 0.9003 0.9210
1.0433 0.9031 1.0433 0.9031 0.6722 0.8826 0.9222 0.9142 0.9222 0.9142 0.9800 1.0412 1.0433 0.9031 1.0433 0.9031 0.6722 0.8826 0.9222 0.9142 0.9222 0.9142 0.9800 1.0412 0.9438 0.9815 0.9438 0.9815 0.9438 0.9815 0.9438 0.9815 0.9438 0.9815
0.9179 1.0533 0.9179 1.0533 0.9577 1.1070 0.9834 0.9326 0.9834 0.9326 1.0296 1.0748 0.9179 1.0533 0.9179 1.0533 0.9577 1.1070 0.9834 0.9326 0.9834 0.9326 1.0296 1.0748 1.0418 0.9842 1.0418 0.9842 1.0418 0.9842 1.0418 0.9842 1.0418 0.9842
1.0785 0.9900 1.0785 0.9900 1.1809 1.1388 1.0918 1.0575 1.0918 1.0575 0.9422 0.9573 1.0785 0.9900 1.0785 0.9900 1.1809 1.1388 1.0918 1.0575 1.0918 1.0575 0.9422 0.9573 1.0875 1.0815 1.0875 1.0815 1.0875 1.0815 1.0875 1.0815 1.0875 1.0815
0.9924 1.0791 0.9924 1.0791 1.4155 1.1371 0.9550 1.0973 0.9550 1.0973 1.0169 0.9018 0.9924 1.0791 0.9924 1.0791 1.4155 1.1371 0.9550 1.0973 0.9550 1.0973 1.0169 0.9018 0.9386 1.0957 0.9386 1.0957 0.9386 1.0957 0.9386 1.0957 0.9386 1.0957
0.9428 1.0660 0.9428 1.0660 1.3806 1.3015 0.9817 0.9209 0.9817 0.9209 1.0336 0.9989 0.9428 1.0660 0.9428 1.0660 1.3806 1.3015 0.9817 0.9209 0.9817 0.9209 1.0336 0.9989 1.0404 0.9831 1.0404 0.9831 1.0404 0.9831 1.0404 0.9831 1.0404 0.9831
0.9393 1.0578 0.9393 1.0578 1.4480 1.0753 0.9594 1.0870 0.9594 1.0870 0.9962 1.0774 0.9393 1.0578 0.9393 1.0578 1.4480 1.0753 0.9594 1.0870 0.9594 1.0870 0.9962 1.0774 1.0416 0.9722 1.0416 0.9722 1.0416 0.9722 1.0416 0.9722 1.0416 0.9722
0.9519 1.0484 0.9519 1.0484 0.9548 0.8176 0.9851 0.9908 0.9851 0.9908 0.9683 1.0910 0.9519 1.0484 0.9519 1.0484 0.9548 0.8176 0.9851 0.9908 0.9851 0.9908 0.9683 1.0910 1.0127 0.9295 1.0127 0.9295 1.0127 0.9295 1.0127 0.9295 1.0127 0.9295
1.0026 1.0411 1.0026 1.0411 0.7396 0.8189 0.9006 0.9860 0.9006 0.9860 0.9513 0.9790 1.0026 1.0411 1.0026 1.0411 0.7396 0.8189 0.9006 0.9860 0.9006 0.9860 0.9513 0.9790 1.0295 0.9817 1.0295 0.9817 1.0295 0.9817 1.0295 0.9817 1.0295 0.9817
0.9041 0.9108 0.9041 0.9108 0.9493 0.9604 1.0520 0.9268 1.0520 0.9268 1.1182 1.2843 0.9041 0.9108 0.9041 0.9108 0.9493 0.9604 1.0520 0.9268 1.0520 0.9268 1.1182 1.2843 1.0978 1.0574 1.0978 1.0574 1.0978 1.0574 1.0978 1.0574 1.0978 1.0574
0.9850 0.9248 0.9850 0.9248 1.0970 1.0678 0.9065 0.9559 0.9065 0.9559 1.4954 1.8845 0.9850 0.9248 0.9850 0.9248 1.0970 1.0678 0.9065 0.9559 0.9065 0.9559 1.4954 1.8845 0.9249 0.9688 0.9249 0.9688 0.9249 0.9688 0.9249 0.9688 0.9249 0.9688
1.0231 1.0864 1.0231 1.0864 0.9459 0.9011 0.9280 1.0246 0.9280 1.0246 1.0269 1.1761 1.0231 1.0864 1.0231 1.0864 0.9459 0.9011 0.9280 1.0246 0.9280 1.0246 1.0269 1.1761 0.9535 1.0014 0.9535 1.0014 0.9535 1.0014 0.9535 1.0014 0.9535 1.0014
1.0949 1.0112 1.0949 1.0112 1.0621 1.0226 0.9402 0.9692 0.9402 0.9692 1.1779 1.4203 1.0949 1.0112 1.0949 1.0112 1.0621 1.0226 0.9402 0.9692 0.9402 0.9692 1.1779 1.4203 0.9938 1.0662 0.9938 1.0662 0.9938 1.0662 0.9938 1.0662 0.9938 1.0662
1.0286 1.0472 1.0286 1.0472 1.0169 0.9672 0.9363 1.0934 0.9363 1.0934 1.4675 1.1450 1.0286 1.0472 1.0286 1.0472 1.0169 0.9672 0.9363 1.0934 0.9363 1.0934 1.4675 1.1450 0.9182 1.0493 0.9182 1.0493 0.9182 1.0493 0.9182 1.0493 0.9182 1.0493
0.9821 0.9833 0.9821 0.9833 0.9784 1.0623 0.9890 1.0986 0.9890 1.0986 1.4540 1.2989 0.9821 0.9833 0.9821 0.9833 0.9784 1.0623 0.9890 1.0986 0.9890 1.0986 1.4540 1.2989 1.0121 1.0693 1.0121 1.0693 1.0121 1.0693 1.0121 1.0693 1.0121 1.0693
0.9422 0.9540 0.9422 0.9540 0.9920 1.0242 1.0358 0.9348 1.0358 0.9348 1.2110 1.0787 0.9422 0.9540 0.9422 0.9540 0.9920 1.0242 1.0358 0.9348 1.0358 0.9348 1.2110 1.0787 0.9446 0.9241 0.9446 0.9241 0.9446 0.9241 0.9446 0.9241 0.9446 0.9241
0.9215 1.0754 0.9215 1.0754 1.0940 1.0639 1.0915 1.0442 1.0915 1.0442 1.0062 1.1489 0.9215 1.0754 0.9215 1.0754 1.0940 1.0639 1.0915 1.0442 1.0915 1.0442 1.0062 1.1489 0.9492 0.9246 0.9492 0.9246 0.9492 0.9246 0.9492 0.9246 0.9492 0.9246
1.0299 1.0831 1.0299 1.0831 0.9661 0.9052 0.9308 0.9878 0.9308 0.9878 1.2166 1.0324 1.0299 1.0831 1.0299 1.0831 0.9661 0.9052 0.9308 0.9878 0.9308 0.9878 1.2166 1.0324 0.9750 1.0291 0.9750 1.0291 0.9750 1.0291 0.9750 1.0291 0.9750 1.0291
0.9129 1.0518 0.9129 1.0518 1.0561 0.9302 1.0434 0.9945 1.0434 0.9945 1.4212 1.4072 0.9129 1.0518 0.9129 1.0518 1.0561 0.9302 1.0434 0.9945 1.0434 0.9945 1.4212 1.4072 1.0351 1.0011 1.0351 1.0011 1.0351 1.0011 1.0351 1.0011 1.0351 1.0011
0.9336 1.0139 0.9336 1.0139 0.9557 1.0950 0.7821 1.0428 0.7821 1.0428 0.9467 0.9073 0.9336 1.0139 0.9336 1.0139 0.9557 1.0950 0.7821 1.0428 0.7821 1.0428 0.9467 0.9073 0.9702 1.0080 0.9702 1.0080 0.9702 1.0080 0.9702 1.0080 0.9702 1.0080
1.0446 1.0741 1.0446 1.0741 1.0449 0.9851 1.0962 1.2672 1.0962 1.2672 0.9477 0.9938 1.0446 1.0741 1.0446 1.0741 1.0449 0.9851 1.0962 1.2672 1.0962 1.2672 0.9477 0.9938 1.0424 1.0566 1.0424 1.0566 1.0424 1.0566 1.0424 1.0566 1.0424 1.0566
0.9861 0.9593 0.9861 0.9593 1.0266 1.0822 1.2858 1.2778 1.2858 1.2778 0.9617 1.0471 0.9861 0.9593 0.9861 0.9593 1.0266 1.0822 1.2858 1.2778 1.2858 1.2778 0.9617 1.0471 1.0614 1.0924 1.0614 1.0924 1.0614 1.0924 1.0614 1.0924 1.0614 1.0924
0.9927 1.0137 0.9927 1.0137 0.9981 1.0595 1.0857 1.2578 1.0857 1.2578 1.0322 0.9569 0.9927 1.0137 0.9927 1.0137 0.9981 1.0595 1.0857 1.2578 1.0857 1.2578 1.0322 0.9569 0.9117 0.9510 0.9117 0.9510 0.9117 0.9510 0.9117 0.9510 0.9117 0.9510
1.0145 1.0992 1.0145 1.0992 1.0946 1.0171 1.3252 1.2582 1.3252 1.2582 0.9587 0.9791 1.0145 1.0992 1.0145 1.0992 1.0946 1.0171 1.3252 1.2582 1.3252 1.2582 0.9587 0.9791 1.0418 1.0851 1.0418 1.0851 1.0418 1.0851 1.0418 1.0851 1.0418 1.0851
0.9604 0.9762 0.9604 0.9762 0.9853 1.0780 1.1402 1.2964 1.1402 1.2964 1.0622 0.9357 0.9604 0.9762 0.9604 0.9762 0.9853 1.0780 1.1402 1.2964 1.1402 1.2964 1.0622 0.9357 1.0961 0.9562 1.0961 0.9562 1.0961 0.9562 1.0961 0.9562 1.0961 0.9562
0.9883 1.0858 0.9883 1.0858 0.9664 0.9196 1.3006 0.9133 1.3006 0.9133 0.9182 1.0981 0.9883 1.0858 0.9883 1.0858 0.9664 0.9196 1.3006 0.9133 1.3006 0.9133 0.9182 1.0981 1.0778 1.0996 1.0778 1.0996 1.0778 1.0996 1.0778 1.0996 1.0778 1.0996
0.9963 1.0455 0.9963 1.0455 1.0947 1.0184 0.8889 1.1874 0.8889 1.1874 1.0700 0.9211 0.9963 1.0455 0.9963 1.0455 1.0947 1.0184 0.8889 1.1874 0.8889 1.1874 1.0700 0.9211 1.0018 1.0803 1.0018 1.0803 1.0018 1.0803 1.0018 1.0803 1.0018 1.0803
1.0327 0.9062 1.0327 0.9062 0.9712 0.9082 1.2928 0.8917 1.2928 0.8917 0.9439 1.0423 1.0327 0.9062 1.0327 0.9062 0.9712 0.9082 1.2928 0.8917 1.2928 0.8917 0.9439 1.0423 0.9550 0.9592 0.9550 0.9592 0.9550 0.9592 0.9550 0.9592 0.9550 0.9592
1.0800 1.0029 1.0800 1.0029 1.0668 1.0913 0.9345 1.1642 0.9345 1.1642 0.9672 0.9782 1.0800 1.0029 1.0800 1.0029 1.0668 1.0913 0.9345 1.1642 0.9345 1.1642 0.9672 0.9782 1.0021 1.0492 1.0021 1.0492 1.0021 1.0492 1.0021 1.0492 1.0021 1.0492
1.0011 0.9222 1.0011 0.9222 1.0351 1.0699 0.9019 1.0452 0.9019 1.0452 0.9549 1.0798 1.0011 0.9222 1.0011 0.9222 1.0351 1.0699 0.9019 1.0452 0.9019 1.0452 0.9549 1.0798 0.9648 0.9397 0.9648 0.9397 0.9648 0.9397 0.9648 0.9397 0.9648 0.9397
1.3420 1.0166 1.3420 1.0166 1.0083 1.0796 1.0856 0.9952 1.0856 0.9952 1.0465 0.9524 1.3420 1.0166 1.3420 1.0166 1.0083 1.0796 1.0856 0.9952 1.0856 0.9952 1.0465 0.9524 1.0206 0.9734 1.0206 0.9734 1.0206 0.9734 1.0206 0.9734 1.0206 0.9734
1.2421 1.2961 1.2421 1.2961 1.0869 0.9633 1.0659 0.9127 1.0659 0.9127 0.9244 0.9966 1.2421 1.2961 1.2421 1.2961 1.0869 0.9633 1.0659 0.9127 1.0659 0.9127 0.9244 0.9966 0.9651 1.0827 0.9651 1.0827 0.9651 1.0827 0.9651 1.0827 0.9651 1.0827
1.1654 1.3299 1.1654 1.3299 0.9378 1.0450 1.0262 0.9025 1.0262 0.9025 0.9517 0.9043 1.1654 1.3299 1.1654 1.3299 0.9378 1.0450 1.0262 0.9025 1.0262 0.9025 0.9517 0.9043 1.0053 0.9217 1.0053 0.9217 1.0053 0.9217 1.0053 0.9217 1.0053 0.9217
1.3608 1.6093 1.3608 1.6093 0.9827 0.9908 1.0941 1.0789 1.0941 1.0789 0.9444 0.9100 1.3608 1.6093 1.3608 1.6093 0.9827 0.9908 1.0941 1.0789 1.0941 1.0789 0.9444 0.9100 1.0206 0.9496 1.0206 0.9496 1.0206 0.9496 1.0206 0.9496 1.0206 0.9496
1.1367 0.8614 1.1367 0.8614 1.0217 0.9944 1.0476 0.9209 1.0476 0.9209 0.9266 0.9647 1.1367 0.8614 1.1367 0.8614 1.0217 0.9944 1.0476 0.9209 1.0476 0.9209 0.9266 0.9647 0.9659 1.0548 0.9659 1.0548 0.9659 1.0548 0.9659 1.0548 0.9659 1.0548
1.4142 1.0218 1.4142 1.0218 1.0170 1.0625 1.0106 0.9764 1.0106 0.9764 1.0322 1.0880 1.4142 1.0218 1.4142 1.0218 1.0170 1.0625 1.0106 0.9764 1.0106 0.9764 1.0322 1.0880 0.9017 1.0294 0.9017 1.0294 0.9017 1.0294 0.9017 1.0294 0.9017 1.0294
1.0427 1.1619 1.0427 1.1619 1.0303 1.0729 1.0861 1.0251 1.0861 1.0251 1.0987 1.0260 1.0427 1.1619 1.0427 1.1619 1.0303 1.0729 1.0861 1.0251 1.0861 1.0251 1.0987 1.0260 0.9471 1.0125 0.9471 1.0125 0.9471 1.0125 0.9471 1.0125 0.9471 1.0125
1.2885 0.9480 1.2885 0.9480 0.9366 1.0468 1.0534 0.9840 1.0534 0.9840 0.9817 1.0488 1.2885 0.9480 1.2885 0.9480 0.9366 1.0468 1.0534 0.9840 1.0534 0.9840 0.9817 1.0488 0.9330 0.9999 0.9330 0.9999 0.9330 0.9999 0.9330 0.9999 0.9330 0.9999
1.0316 1.2168 1.0316 1.2168 0.9694 0.9432 0.9644 0.9177 0.9644 0.9177 0.9794 1.0664 1.0316 1.2168 1.0316 1.2168 0.9694 0.9432 0.9644 0.9177 0.9644 0.9177 0.9794 1.0664 0.9366 1.0106 0.9366 1.0106 0.9366 1.0106 0.9366 1.0106 0.9366 1.0106
0.9264 1.0581 0.9264 1.0581 0.9985 1.0530 0.9811 0.9230 0.9811 0.9230 0.9833 0.9854 0.9264 1.0581 0.9264 1.0581 0.9985 1.0530 0.9811 0.9230 0.9811 0.9230 0.9833 0.9854 1.2077 1.1224 1.2077 1.1224 1.2077 1.1224 1.2077 1.1224 1.2077 1.1224
1.0608 1.0468 1.0608 1.0468 1.0596 0.9232 1.0144 0.9618 1.0144 0.9618 1.0385 1.0083 1.0608 1.0468 1.0608 1.0468 1.0596 0.9232 1.0144 0.9618 1.0144 0.9618 1.0385 1.0083 1.4976 1.4894 1.4976 1.4894 1.4976 1.4894 1.4976 1.4894 1.4976 1.4894
1.0727 1.0409 1.0727 1.0409 0.9809 0.9436 0.9078 1.0770 0.9078 1.0770 1.0544 0.9927 1.0727 1.0409 1.0727 1.0409 0.9809 0.9436 0.9078 1.0770 0.9078 1.0770 1.0544 0.9927 1.1163 1.5070 1.1163 1.5070 1.1163 1.5070 1.1163 1.5070 1.1163 1.5070
0.9404 1.0152 0.9404 1.0152 0.9424 0.9920 0.9588 0.9574 0.9588 0.9574 0.9241 1.0829 0.9404 1.0152 0.9404 1.0152 0.9424 0.9920 0.9588 0.9574 0.9588 0.9574 0.9241 1.0829 1.3399 1.3282 1.3399 1.3282 1.3399 1.3282 1.3399 1.3282 1.3399 1.3282
0.9496 1.0629 0.9496 1.0629 0.9531 1.0009 0.9156 0.9992 0.9156 0.9992 0.9549 0.9898 0.9496 1.0629 0.9496 1.0629 0.9531 1.0009 0.9156 0.9992 0.9156 0.9992 0.9549 0.9898 0.9994 1.1754 0.9994 1.1754 0.9994 1.1754 0.9994 1.1754 0.9994 1.1754
0.9912 0.9715 0.9912 0.9715 1.0134 0.9788 0.9230 0.9897 0.9230 0.9897 0.9135 1.0703 0.9912 0.9715 0.9912 0.9715 1.0134 0.9788 0.9230 0.9897 0.9230 0.9897 0.9135 1.0703 1.4583 1.3390 1.4583 1.3390 1.4583 1.3390 1.4583 1.3390 1.4583 1.3390
0.9003 1.0721 0.9003 1.0721 0.9273 0.9467 0.9382 1.0791 0.9382 1.0791 0.9275 1.0117 0.9003 1.0721 0.9003 1.0721 0.9273 0.9467 0.9382 1.0791 0.9382 1.0791 0.9275 1.0117 0.9880 1.5808 0.9880 1.5808 0.9880 1.5808 0.9880 1.5808 0.9880 1.5808
0.9470 0.9912 0.9470 0.9912 1.0658 1.0503 0.9690 0.9584 0.9690 0.9584 0.9708 1.0360 0.9470 0.9912 0.9470 0.9912 1.0658 1.0503 0.9690 0.9584 0.9690 0.9584 0.9708 1.0360 1.3533 1.4871 1.3533 1.4871 1.3533 1.4871 1.3533 1.4871 1.3533 1.4871
1.0119 1.0317 1.0119 1.0317 0.9814 0.9615 1.0618 0.9414 1.0618 0.9414 1.0033 1.0294 1.0119 1.0317 1.0119 1.0317 0.9814 0.9615 1.0618 0.9414 1.0618 0.9414 1.0033 1.0294 1.1078 1.0653 1.1078 1.0653 1.1078 1.0653 1.1078 1.0653 1.1078 1.0653
1.0491 0.9561 1.0491 0.9561 1.0857 0.9307 1.0369 0.9029 1.0369 0.9029 1.0382 1.0777 1.0491 0.9561 1.0491 0.9561 1.0857 0.9307 1.0369 0.9029 1.0369 0.9029 1.0382 1.0777 1.1834 1.2822 1.1834 1.2822 1.1834 1.2822 1.1834 1.2822 1.1834 1.2822
