2.5000 2.5000 2.5000 2.5000 1.2353 1.4503 2.5000 2.5000 2.5000 2.5000 2.5000 2.5000 2.5000 2.5000 2.5000 2.5000 1.2353 1.4503 2.5000 2.5000 2.5000 2.5000 2.5000 2.5000 2.5000 2.5000 2.5000 2.5000 2.5000 2.5000 2.5000 2.5000 2.5000 2.5000
2.5000 2.5000 2.5000 2.5000 1.0704 1.2652 2.5000 2.5000 2.5000 2.5000 2.5000 2.5000 2.5000 2.5000 2.5000 2.5000 1.0704 1.2652 2.5000 2.5000 2.5000 2.5000 2.5000 2.5000 2.5000 2.5000 2.5000 2.5000 2.5000 2.5000 2.5000 2.5000 2.5000 2.5000
2.5000 2.5000 2.5000 2.5000 1.3247 1.9193 2.5000 2.5000 2.5000 2.5000 2.5000 2.5000 2.5000 2.5000 2.5000 2.5000 1.3247 1.9193 2.5000 2.5000 2.5000 2.5000 2.5000 2.5000 2.5000 2.5000 2.5000 2.5000 2.5000 2.5000 2.5000 2.5000 2.5000 2.5000
2.5000 2.5000 2.5000 2.5000 1.2282 1.4137 2.5000 2.5000 2.5000 2.5000 2.5000 2.5000 2.5000 2.5000 2.5000 2.5000 1.2282 1.4137 2.5000 2.5000 2.5000 2.5000 2.5000 2.5000 2.5000 2.5000 2.5000 2.5000 2.5000 2.5000 2.5000 2.5000 2.5000 2.5000
2.5000 2.5000 2.5000 2.5000 1.2278 1.1021 2.5000 2.5000 2.5000 2.5000 2.5000 2.5000 2.5000 2.5000 2.5000 2.5000 1.2278 1.1021 2.5000 2.5000 2.5000 2.5000 2.5000 2.5000 2.5000 2.5000 2.5000 2.5000 2.5000 2.5000 2.5000 2.5000 2.5000 2.5000
2.5000 2.5000 2.5000 2.5000 1.2130 1.0079 2.5000 2.5000 2.5000 2.5000 2.5000 2.5000 2.5000 2.5000 2.5000 2.5000 1.2130 1.0079 2.5000 2.5000 2.5000 2.5000 2.5000 2.5000 2.5000 2.5000 2.5000 2.5000 2.5000 2.5000 2.5000 2.5000 2.5000 2.5000
2.5000 2.5000 2.5000 2.5000 0.9081 1.1095 2.5000 2.5000 2.5000 2.5000 2.5000 2.5000 2.5000 2.5000 2.5000 2.5000 0.9081 1.1095 2.5000 2.5000 2.5000 2.5000 2.5000 2.5000 2.5000 2.5000 2.5000 2.5000 2.5000 2.5000 2.5000 2.5000 2.5000 2.5000
2.5000 2.5000 2.5000 2.5000 1.3376 1.4223 2.5000 2.5000 2.5000 2.5000 2.5000 2.5000 2.5000 2.5000 2.5000 2.5000 1.3376 1.4223 2.5000 2.5000 2.5000 2.5000 2.5000 2.5000 2.5000 2.5000 2.5000 2.5000 2.5000 2.5000 2.5000 2.5000 2.5000 2.5000
2.5000 2.5000 2.5000 2.5000 1.0247 1.0513 2.5000 2.5000 2.5000 2.5000 2.5000 2.5000 2.5000 2.5000 2.5000 2.5000 1.0247 1.0513 2.5000 2.5000 2.5000 2.5000 2.5000 2.5000 2.5000 2.5000 2.5000 2.5000 2.5000 2.5000 2.5000 2.5000 2.5000 2.5000
2.5000 2.5000 2.5000 2.5000 1.3531 1.2085 2.5000 2.5000 2.5000 2.5000 2.5000 2.5000 2.5000 2.5000 2.5000 2.5000 1.3531 1.2085 2.5000 2.5000 2.5000 2.5000 2.5000 2.5000 2.5000 2.5000 2.5000 2.5000 2.5000 2.5000 2.5000 2.5000 2.5000 2.5000
2.5000 2.5000 2.5000 2.5000 2.5000 2.5000 2.5000 2.5000 2.5000 2.5000 0.5412 0.9566 2.5000 2.5000 2.5000 2.5000 2.5000 2.5000 2.5000 2.5000 2.5000 2.5000 0.5412 0.9566 2.5000 2.5000 2.5000 2.5000 2.5000 2.5000 2.5000 2.5000 2.5000 2.5000
2.5000 2.5000 2.5000 2.5000 2.5000 2.5000 2.5000 2.5000 2.5000 2.5000 1.3995 1.5545 2.5000 2.5000 2.5000 2.5000 2.5000 2.5000 2.5000 2.5000 2.5000 2.5000 1.3995 1.5545 2.5000 2.5000 2.5000 2.5000 2.5000 2.5000 2.5000 2.5000 2.5000 2.5000
2.5000 2.5000 2.5000 2.5000 2.5000 2.5000 2.5000 2.5000 2.5000 2.5000 1.4509 1.4350 2.5000 2.5000 2.5000 2.5000 2.5000 2.5000 2.5000 2.5000 2.5000 2.5000 1.4509 1.4350 2.5000 2.5000 2.5000 2.5000 2.5000 2.5000 2.5000 2.5000 2.5000 2.5000
2.5000 2.5000 2.5000 2.5000 2.5000 2.5000 2.5000 2.5000 2.5000 2.5000 1.3668 1.0421 2.5000 2.5000 2.5000 2.5000 2.5000 2.5000 2.5000 2.5000 2.5000 2.5000 1.3668 1.0421 2.5000 2.5000 2.5000 2.5000 2.5000 2.5000 2.5000 2.5000 2.5000 2.5000
2.5000 2.5000 2.5000 2.5000 2.5000 2.5000 2.5000 2.5000 2.5000 2.5000 1.4446 0.9910 2.5000 2.5000 2.5000 2.5000 2.5000 2.5000 2.5000 2.5000 2.5000 2.5000 1.4446 0.9910 2.5000 2.5000 2.5000 2.5000 2.5000 2.5000 2.5000 2.5000 2.5000 2.5000
2.5000 2.5000 2.5000 2.5000 2.5000 2.5000 2.5000 2.5000 2.5000 2.5000 1.1820 1.2751 2.5000 2.5000 2.5000 2.5000 2.5000 2.5000 2.5000 2.5000 2.5000 2.5000 1.1820 1.2751 2.5000 2.5000 2.5000 2.5000 2.5000 2.5000 2.5000 2.5000 2.5000 2.5000
2.5000 2.5000 2.5000 2.5000 2.5000 2.5000 2.5000 2.5000 2.5000 2.5000 0.7935 1.1051 2.5000 2.5000 2.5000 2.5000 2.5000 2.5000 2.5000 2.5000 2.5000 2.5000 0.7935 1.1051 2.5000 2.5000 2.5000 2.5000 2.5000 2.5000 2.5000 2.5000 2.5000 2.5000
2.5000 2.5000 2.5000 2.5000 2.5000 2.5000 2.5000 2.5000 2.5000 2.5000 1.2068 0.7431 2.5000 2.5000 2.5000 2.5000 2.5000 2.5000 2.5000 2.5000 2.5000 2.5000 1.2068 0.7431 2.5000 2.5000 2.5000 2.5000 2.5000 2.5000 2.5000 2.5000 2.5000 2.5000
2.5000 2.5000 2.5000 2.5000 2.5000 2.5000 2.5000 2.5000 2.5000 2.5000 1.1650 1.3400 2.5000 2.5000 2.5000 2.5000 2.5000 2.5000 2.5000 2.5000 2.5000 2.5000 1.1650 1.3400 2.5000 2.5000 2.5000 2.5000 2.5000 2.5000 2.5000 2.5000 2.5000 2.5000
2.5000 2.5000 2.5000 2.5000 2.5000 2.5000 2.5000 2.5000 2.5000 2.5000 1.2508 1.4608 2.5000 2.5000 2.5000 2.5000 2.5000 2.5000 2.5000 2.5000 2.5000 2.5000 1.2508 1.4608 2.5000 2.5000 2.5000 2.5000 2.5000 2.5000 2.5000 2.5000 2.5000 2.5000
2.5000 2.5000 2.5000 2.5000 2.5000 2.5000 1.5165 1.6151 1.5165 1.6151 2.5000 2.5000 2.5000 2.5000 2.5000 2.5000 2.5000 2.5000 1.5165 1.6151 1.5165 1.6151 2.5000 2.5000 2.5000 2.5000 2.5000 2.5000 2.5000 2.5000 2.5000 2.5000 2.5000 2.5000
2.5000 2.5000 2.5000 2.5000 2.5000 2.5000 1.3681 0.8373 1.3681 0.8373 2.5000 2.5000 2.5000 2.5000 2.5000 2.5000 2.5000 2.5000 1.3681 0.8373 1.3681 0.8373 2.5000 2.5000 2.5000 2.5000 2.5000 2.5000 2.5000 2.5000 2.5000 2.5000 2.5000 2.5000
2.5000 2.5000 2.5000 2.5000 2.5000 2.5000 1.5062 1.1055 1.5062 1.1055 2.5000 2.5000 2.5000 2.5000 2.5000 2.5000 2.5000 2.5000 1.5062 1.1055 1.5062 1.1055 2.5000 2.5000 2.5000 2.5000 2.5000 2.5000 2.5000 2.5000 2.5000 2.5000 2.5000 2.5000
2.5000 2.5000 2.5000 2.5000 2.5000 2.5000 1.0510 1.2079 1.0510 1.2079 2.5000 2.5000 2.5000 2.5000 2.5000 2.5000 2.5000 2.5000 1.0510 1.2079 1.0510 1.2079 2.5000 2.5000 2.5000 2.5000 2.5000 2.5000 2.5000 2.5000 2.5000 2.5000 2.5000 2.5000
2.5000 2.5000 2.5000 2.5000 2.5000 2.5000 1.5150 1.3991 1.5150 1.3991 2.5000 2.5000 2.5000 2.5000 2.5000 2.5000 2.5000 2.5000 1.5150 1.3991 1.5150 1.3991 2.5000 2.5000 2.5000 2.5000 2.5000 2.5000 2.5000 2.5000 2.5000 2.5000 2.5000 2.5000
2.5000 2.5000 2.5000 2.5000 2.5000 2.5000 1.3693 1.5518 1.3693 1.5518 2.5000 2.5000 2.5000 2.5000 2.5000 2.5000 2.5000 2.5000 1.3693 1.5518 1.3693 1.5518 2.5000 2.5000 2.5000 2.5000 2.5000 2.5000 2.5000 2.5000 2.5000 2.5000 2.5000 2.5000
2.5000 2.5000 2.5000 2.5000 2.5000 2.5000 1.0848 1.4654 1.0848 1.4654 2.5000 2.5000 2.5000 2.5000 2.5000 2.5000 2.5000 2.5000 1.0848 1.4654 1.0848 1.4654 2.5000 2.5000 2.5000 2.5000 2.5000 2.5000 2.5000 2.5000 2.5000 2.5000 2.5000 2.5000
2.5000 2.5000 2.5000 2.5000 2.5000 2.5000 1.7201 1.4932 1.7201 1.4932 2.5000 2.5000 2.5000 2.5000 2.5000 2.5000 2.5000 2.5000 1.7201 1.4932 1.7201 1.4932 2.5000 2.5000 2.5000 2.5000 2.5000 2.5000 2.5000 2.5000 2.5000 2.5000 2.5000 2.5000
2.5000 2.5000 2.5000 2.5000 2.5000 2.5000 1.1408 1.0047 1.1408 1.0047 2.5000 2.5000 2.5000 2.5000 2.5000 2.5000 2.5000 2.5000 1.1408 1.0047 1.1408 1.0047 2.5000 2.5000 2.5000 2.5000 2.5000 2.5000 2.5000 2.5000 2.5000 2.5000 2.5000 2.5000
2.5000 2.5000 2.5000 2.5000 2.5000 2.5000 0.9381 1.1436 0.9381 1.1436 2.5000 2.5000 2.5000 2.5000 2.5000 2.5000 2.5000 2.5000 0.9381 1.1436 0.9381 1.1436 2.5000 2.5000 2.5000 2.5000 2.5000 2.5000 2.5000 2.5000 2.5000 2.5000 2.5000 2.5000
1.1905 1.0753 1.1905 1.0753 2.5000 2.5000 2.5000 2.5000 2.5000 2.5000 2.5000 2.5000 1.1905 1.0753 1.1905 1.0753 2.5000 2.5000 2.5000 2.5000 2.5000 2.5000 2.5000 2.5000 2.5000 2.5000 2.5000 2.5000 2.5000 2.5000 2.5000 2.5000 2.5000 2.5000
1.5857 1.4124 1.5857 1.4124 2.5000 2.5000 2.5000 2.5000 2.5000 2.5000 2.5000 2.5000 1.5857 1.4124 1.5857 1.4124 2.5000 2.5000 2.5000 2.5000 2.5000 2.5000 2.5000 2.5000 2.5000 2.5000 2.5000 2.5000 2.5000 2.5000 2.5000 2.5000 2.5000 2.5000
0.8401 1.0968 0.8401 1.0968 2.5000 2.5000 2.5000 2.5000 2.5000 2.5000 2.5000 2.5000 0.8401 1.0968 0.8401 1.0968 2.5000 2.5000 2.5000 2.5000 2.5000 2.5000 2.5000 2.5000 2.5000 2.5000 2.5000 2.5000 2.5000 2.5000 2.5000 2.5000 2.5000 2.5000
1.0147 0.9443 1.0147 0.9443 2.5000 2.5000 2.5000 2.5000 2.5000 2.5000 2.5000 2.5000 1.0147 0.9443 1.0147 0.9443 2.5000 2.5000 2.5000 2.5000 2.5000 2.5000 2.5000 2.5000 2.5000 2.5000 2.5000 2.5000 2.5000 2.5000 2.5000 2.5000 2.5000 2.5000
1.2294 1.0469 1.2294 1.0469 2.5000 2.5000 2.5000 2.5000 2.5000 2.5000 2.5000 2.5000 1.2294 1.0469 1.2294 1.0469 2.5000 2.5000 2.5000 2.5000 2.5000 2.5000 2.5000 2.5000 2.5000 2.5000 2.5000 2.5000 2.5000 2.5000 2.5000 2.5000 2.5000 2.5000
1.2017 1.5277 1.2017 1.5277 2.5000 2.5000 2.5000 2.5000 2.5000 2.5000 2.5000 2.5000 1.2017 1.5277 1.2017 1.5277 2.5000 2.5000 2.5000 2.5000 2.5000 2.5000 2.5000 2.5000 2.5000 2.5000 2.5000 2.5000 2.5000 2.5000 2.5000 2.5000 2.5000 2.5000
1.4115 1.4460 1.4115 1.4460 2.5000 2.5000 2.5000 2.5000 2.5000 2.5000 2.5000 2.5000 1.4115 1.4460 1.4115 1.4460 2.5000 2.5000 2.5000 2.5000 2.5000 2.5000 2.5000 2.5000 2.5000 2.5000 2.5000 2.5000 2.5000 2.5000 2.5000 2.5000 2.5000 2.5000
1.4565 1.1634 1.4565 1.1634 2.5000 2.5000 2.5000 2.5000 2.5000 2.5000 2.5000 2.5000 1.4565 1.1634 1.4565 1.1634 2.5000 2.5000 2.5000 2.5000 2.5000 2.5000 2.5000 2.5000 2.5000 2.5000 2.5000 2.5000 2.5000 2.5000 2.5000 2.5000 2.5000 2.5000
1.5540 1.4878 1.5540 1.4878 2.5000 2.5000 2.5000 2.5000 2.5000 2.5000 2.5000 2.5000 1.5540 1.4878 1.5540 1.4878 2.5000 2.5000 2.5000 2.5000 2.5000 2.5000 2.5000 2.5000 2.5000 2.5000 2.5000 2.5000 2.5000 2.5000 2.5000 2.5000 2.5000 2.5000
1.0038 1.1986 1.0038 1.1986 2.5000 2.5000 2.5000 2.5000 2.5000 2.5000 2.5000 2.5000 1.0038 1.1986 1.0038 1.1986 2.5000 2.5000 2.5000 2.5000 2.5000 2.5000 2.5000 2.5000 2.5000 2.5000 2.5000 2.5000 2.5000 2.5000 2.5000 2.5000 2.5000 2.5000
2.5000 2.5000 2.5000 2.5000 2.5000 2.5000 2.5000 2.5000 2.5000 2.5000 2.5000 2.5000 2.5000 2.5000 2.5000 2.5000 2.5000 2.5000 2.5000 2.5000 2.5000 2.5000 2.5000 2.5000 1.2441 1.1270 1.2441 1.1270 1.2441 1.1270 1.2441 1.1270 1.2441 1.1270
2.5000 2.5000 2.5000 2.5000 2.5000 2.5000 2.5000 2.5000 2.5000 2.5000 2.5000 2.5000 2.5000 2.5000 2.5000 2.5000 2.5000 2.5000 2.5000 2.5000 2.5000 2.5000 2.5000 2.5000 1.1987 1.6095 1.1987 1.6095 1.1987 1.6095 1.1987 1.6095 1.1987 1.6095
2.5000 2.5000 2.5000 2.5000 2.5000 2.5000 2.5000 2.5000 2.5000 2.5000 2.5000 2.5000 2.5000 2.5000 2.5000 2.5000 2.5000 2.5000 2.5000 2.5000 2.5000 2.5000 2.5000 2.5000 1.4106 1.7029 1.4106 1.7029 1.4106 1.7029 1.4106 1.7029 1.4106 1.7029
2.5000 2.5000 2.5000 2.5000 2.5000 2.5000 2.5000 2.5000 2.5000 2.5000 2.5000 2.5000 2.5000 2.5000 2.5000 2.5000 2.5000 2.5000 2.5000 2.5000 2.5000 2.5000 2.5000 2.5000 1.6852 1.4142 1.6852 1.4142 1.6852 1.4142 1.6852 1.4142 1.6852 1.4142
2.5000 2.5000 2.5000 2.5000 2.5000 2.5000 2.5000 2.5000 2.5000 2.5000 2.5000 2.5000 2.5000 2.5000 2.5000 2.5000 2.5000 2.5000 2.5000 2.5000 2.5000 2.5000 2.5000 2.5000 1.3242 1.2164 1.3242 1.2164 1.3242 1.2164 1.3242 1.2164 1.3242 1.2164
2.5000 2.5000 2.5000 2.5000 2.5000 2.5000 2.5000 2.5000 2.5000 2.5000 2.5000 2.5000 2.5000 2.5000 2.5000 2.5000 2.5000 2.5000 2.5000 2.5000 2.5000 2.5000 2.5000 2.5000 1.0517 1.1286 1.0517 1.1286 1.0517 1.1286 1.0517 1.1286 1.0517 1.1286
2.5000 2.5000 2.5000 2.5000 2.5000 2.5000 2.5000 2.5000 2.5000 2.5000 2.5000 2.5000 2.5000 2.5000 2.5000 2.5000 2.5000 2.5000 2.5000 2.5000 2.5000 2.5000 2.5000 2.5000 1.2572 1.2768 1.2572 1.2768 1.2572 1.2768 1.2572 1.2768 1.2572 1.2768
2.5000 2.5000 2.5000 2.5000 2.5000 2.5000 2.5000 2.5000 2.5000 2.5000 2.5000 2.5000 2.5000 2.5000 2.5000 2.5000 2.5000 2.5000 2.5000 2.5000 2.5000 2.5000 2.5000 2.5000 1.9240 1.4331 1.9240 1.4331 1.9240 1.4331 1.9240 1.4331 1.9240 1.4331
2.5000 2.5000 2.5000 2.5000 2.5000 2.5000 2.5000 2.5000 2.5000 2.5000 2.5000 2.5000 2.5000 2.5000 2.5000 2.5000 2.5000 2.5000 2.5000 2.5000 2.5000 2.5000 2.5000 2.5000 1.3761 1.3985 1.3761 1.3985 1.3761 1.3985 1.3761 1.3985 1.3761 1.3985
2.5000 2.5000 2.5000 2.5000 2.5000 2.5000 2.5000 2.5000 2.5000 2.5000 2.5000 2.5000 2.5000 2.5000 2.5000 2.5000 2.5000 2.5000 2.5000 2.5000 2.5000 2.5000 2.5000 2.5000 1.3446 1.3177 1.3446 1.3177 1.3446 1.3177 1.3446 1.3177 1.3446 1.3177
