1.2502 1.1642 1.2502 1.1642 1.1076 1.9090 1.1111 1.2846 1.1111 1.2846 1.1980 1.2692 1.2502 1.1642 1.2502 1.1642 1.1076 1.9090 1.1111 1.2846 1.1111 1.2846 1.1980 1.2692 1.2005 1.1630 1.2005 1.1630 1.2005 1.1630 1.2005 1.1630 1.2005 1.1630
1.2732 1.2600 1.2732 1.2600 2.1503 2.7156 1.2201 1.2128 1.2201 1.2128 1.1831 1.1205 1.2732 1.2600 1.2732 1.2600 2.1503 2.7156 1.2201 1.2128 1.2201 1.2128 1.1831 1.1205 1.1533 1.2075 1.1533 1.2075 1.1533 1.2075 1.1533 1.2075 1.1533 1.2075
1.2600 1.2344 1.2600 1.2344 2.0484 1.8728 1.2960 1.2997 1.2960 1.2997 1.1240 1.2900 1.2600 1.2344 1.2600 1.2344 2.0484 1.8728 1.2960 1.2997 1.2960 1.2997 1.1240 1.2900 1.1051 1.1759 1.1051 1.1759 1.1051 1.1759 1.1051 1.1759 1.1051 1.1759
1.1943 1.1391 1.1943 1.1391 1.8539 1.7026 1.2677 1.1268 1.2677 1.1268 1.1732 1.1456 1.1943 1.1391 1.1943 1.1391 1.8539 1.7026 1.2677 1.1268 1.2677 1.1268 1.1732 1.1456 1.2508 1.1250 1.2508 1.1250 1.2508 1.1250 1.2508 1.1250 1.2508 1.1250
1.2289 1.1012 1.2289 1.1012 2.1727 2.4426 1.2617 1.1373 1.2617 1.1373 1.1420 1.2128 1.2289 1.1012 1.2289 1.1012 2.1727 2.4426 1.2617 1.1373 1.2617 1.1373 1.1420 1.2128 1.1316 1.2710 1.1316 1.2710 1.1316 1.2710 1.1316 1.2710 1.1316 1.2710
1.1249 1.2431 1.1249 1.2431 1.3659 1.7075 1.1744 1.1616 1.1744 1.1616 1.1602 1.1646 1.1249 1.2431 1.1249 1.2431 1.3659 1.7075 1.1744 1.1616 1.1744 1.1616 1.1602 1.1646 1.1723 1.1784 1.1723 1.1784 1.1723 1.1784 1.1723 1.1784 1.1723 1.1784
1.1939 1.2563 1.1939 1.2563 1.0085 1.4935 1.2718 1.1157 1.2718 1.1157 1.1253 1.1721 1.1939 1.2563 1.1939 1.2563 1.0085 1.4935 1.2718 1.1157 1.2718 1.1157 1.1253 1.1721 1.1914 1.2915 1.1914 1.2915 1.1914 1.2915 1.1914 1.2915 1.1914 1.2915
1.1521 1.1296 1.1521 1.1296 1.3846 2.0194 1.2533 1.2905 1.2533 1.2905 1.2636 1.1788 1.1521 1.1296 1.1521 1.1296 1.3846 2.0194 1.2533 1.2905 1.2533 1.2905 1.2636 1.1788 1.2512 1.2574 1.2512 1.2574 1.2512 1.2574 1.2512 1.2574 1.2512 1.2574
1.2458 1.1684 1.2458 1.1684 2.1650 1.9585 1.1507 1.1865 1.1507 1.1865 1.2323 1.1309 1.2458 1.1684 1.2458 1.1684 2.1650 1.9585 1.1507 1.1865 1.1507 1.1865 1.2323 1.1309 1.2599 1.2727 1.2599 1.2727 1.2599 1.2727 1.2599 1.2727 1.2599 1.2727
1.1212 1.2480 1.1212 1.2480 2.7634 2.2408 1.1097 1.2911 1.1097 1.2911 1.2150 1.1696 1.1212 1.2480 1.1212 1.2480 2.7634 2.2408 1.1097 1.2911 1.1097 1.2911 1.2150 1.1696 1.1806 1.1548 1.1806 1.1548 1.1806 1.1548 1.1806 1.1548 1.1806 1.1548
1.1524 1.2863 1.1524 1.2863 1.5151 2.0319 1.1680 1.2970 1.1680 1.2970 1.2336 1.2038 1.1524 1.2863 1.1524 1.2863 1.5151 2.0319 1.1680 1.2970 1.1680 1.2970 1.2336 1.2038 1.2705 1.2587 1.2705 1.2587 1.2705 1.2587 1.2705 1.2587 1.2705 1.2587
1.2236 1.1075 1.2236 1.1075 1.8594 1.9875 1.1456 1.1413 1.1456 1.1413 1.1685 1.1469 1.2236 1.1075 1.2236 1.1075 1.8594 1.9875 1.1456 1.1413 1.1456 1.1413 1.1685 1.1469 1.1640 1.1530 1.1640 1.1530 1.1640 1.1530 1.1640 1.1530 1.1640 1.1530
1.1245 1.2347 1.1245 1.2347 1.7629 1.9293 1.1372 1.2433 1.1372 1.2433 1.1641 1.1805 1.1245 1.2347 1.1245 1.2347 1.7629 1.9293 1.1372 1.2433 1.1372 1.2433 1.1641 1.1805 1.1702 1.1255 1.1702 1.1255 1.1702 1.1255 1.1702 1.1255 1.1702 1.1255
1.2773 1.2958 1.2773 1.2958 2.0353 1.9058 1.2207 1.2097 1.2207 1.2097 1.1572 1.2245 1.2773 1.2958 1.2773 1.2958 2.0353 1.9058 1.2207 1.2097 1.2207 1.2097 1.1572 1.2245 1.2910 1.1184 1.2910 1.1184 1.2910 1.1184 1.2910 1.1184 1.2910 1.1184
1.1780 1.2516 1.1780 1.2516 1.8097 1.9451 1.2882 1.2397 1.2882 1.2397 1.1610 1.1906 1.1780 1.2516 1.1780 1.2516 1.8097 1.9451 1.2882 1.2397 1.2882 1.2397 1.1610 1.1906 1.2902 1.2853 1.2902 1.2853 1.2902 1.2853 1.2902 1.2853 1.2902 1.2853
1.2284 1.1074 1.2284 1.1074 2.0913 2.1335 1.2700 1.2288 1.2700 1.2288 1.2570 1.1296 1.2284 1.1074 1.2284 1.1074 2.0913 2.1335 1.2700 1.2288 1.2700 1.2288 1.2570 1.1296 1.1891 1.2096 1.1891 1.2096 1.1891 1.2096 1.1891 1.2096 1.1891 1.2096
1.1909 1.1737 1.1909 1.1737 1.8956 1.3950 1.1429 1.1795 1.1429 1.1795 1.2242 1.1641 1.1909 1.1737 1.1909 1.1737 1.8956 1.3950 1.1429 1.1795 1.1429 1.1795 1.2242 1.1641 1.1463 1.2785 1.1463 1.2785 1.1463 1.2785 1.1463 1.2785 1.1463 1.2785
1.1772 1.2631 1.1772 1.2631 1.7699 2.3004 1.2187 1.2505 1.2187 1.2505 1.1575 1.2564 1.1772 1.2631 1.1772 1.2631 1.7699 2.3004 1.2187 1.2505 1.2187 1.2505 1.1575 1.2564 1.2697 1.2737 1.2697 1.2737 1.2697 1.2737 1.2697 1.2737 1.2697 1.2737
1.1201 1.1549 1.1201 1.1549 2.1361 1.8184 1.2143 1.1490 1.2143 1.1490 1.1530 1.2219 1.1201 1.1549 1.1201 1.1549 2.1361 1.8184 1.2143 1.1490 1.2143 1.1490 1.1530 1.2219 1.1771 1.1295 1.1771 1.1295 1.1771 1.1295 1.1771 1.1295 1.1771 1.1295
1.1770 1.1280 1.1770 1.1280 1.2701 1.6991 1.1104 1.1747 1.1104 1.1747 1.2255 1.1259 1.1770 1.1280 1.1770 1.1280 1.2701 1.6991 1.1104 1.1747 1.1104 1.1747 1.2255 1.1259 1.2663 1.2193 1.2663 1.2193 1.2663 1.2193 1.2663 1.2193 1.2663 1.2193
1.2814 1.1360 1.2814 1.1360 1.2933 1.1332 1.2569 1.1296 1.2569 1.1296 2.0479 1.6195 1.2814 1.1360 1.2814 1.1360 1.2933 1.1332 1.2569 1.1296 1.2569 1.1296 2.0479 1.6195 1.2682 1.2056 1.2682 1.2056 1.2682 1.2056 1.2682 1.2056 1.2682 1.2056
1.2493 1.2109 1.2493 1.2109 1.2796 1.2541 1.1991 1.2662 1.1991 1.2662 2.3760 2.2405 1.2493 1.2109 1.2493 1.2109 1.2796 1.2541 1.1991 1.2662 1.1991 1.2662 2.3760 2.2405 1.2642 1.1852 1.2642 1.1852 1.2642 1.1852 1.2642 1.1852 1.2642 1.1852
1.1671 1.1001 1.1671 1.1001 1.2051 1.2330 1.1374 1.2770 1.1374 1.2770 1.4168 1.7186 1.1671 1.1001 1.1671 1.1001 1.2051 1.2330 1.1374 1.2770 1.1374 1.2770 1.4168 1.7186 1.2546 1.2913 1.2546 1.2913 1.2546 1.2913 1.2546 1.2913 1.2546 1.2913
1.2353 1.1823 1.2353 1.1823 1.2895 1.1791 1.1431 1.2448 1.1431 1.2448 2.4163 1.2372 1.2353 1.1823 1.2353 1.1823 1.2895 1.1791 1.1431 1.2448 1.1431 1.2448 2.4163 1.2372 1.2543 1.1822 1.2543 1.1822 1.2543 1.1822 1.2543 1.1822 1.2543 1.1822
1.2848 1.2965 1.2848 1.2965 1.1198 1.2087 1.1282 1.1457 1.1282 1.1457 1.8996 2.3967 1.2848 1.2965 1.2848 1.2965 1.1198 1.2087 1.1282 1.1457 1.1282 1.1457 1.8996 2.3967 1.2647 1.1244 1.2647 1.1244 1.2647 1.1244 1.2647 1.1244 1.2647 1.1244
1.1841 1.2473 1.1841 1.2473 1.1918 1.1414 1.1543 1.1861 1.1543 1.1861 2.1993 2.0360 1.1841 1.2473 1.1841 1.2473 1.1918 1.1414 1.1543 1.1861 1.1543 1.1861 2.1993 2.0360 1.1591 1.1953 1.1591 1.1953 1.1591 1.1953 1.1591 1.1953 1.1591 1.1953
1.1526 1.1008 1.1526 1.1008 1.2267 1.1703 1.1283 1.1736 1.1283 1.1736 2.2157 1.7956 1.1526 1.1008 1.1526 1.1008 1.2267 1.1703 1.1283 1.1736 1.1283 1.1736 2.2157 1.7956 1.1749 1.1547 1.1749 1.1547 1.1749 1.1547 1.1749 1.1547 1.1749 1.1547
1.1096 1.1898 1.1096 1.1898 1.2051 1.1676 1.1500 1.1639 1.1500 1.1639 1.9623 1.8332 1.1096 1.1898 1.1096 1.1898 1.2051 1.1676 1.1500 1.1639 1.1500 1.1639 1.9623 1.8332 1.1276 1.2239 1.1276 1.2239 1.1276 1.2239 1.1276 1.2239 1.1276 1.2239
1.2330 1.2837 1.2330 1.2837 1.1617 1.2445 1.2623 1.1185 1.2623 1.1185 2.1308 2.1552 1.2330 1.2837 1.2330 1.2837 1.1617 1.2445 1.2623 1.1185 1.2623 1.1185 2.1308 2.1552 1.2374 1.2270 1.2374 1.2270 1.2374 1.2270 1.2374 1.2270 1.2374 1.2270
1.2371 1.2122 1.2371 1.2122 1.1895 1.1141 1.2382 1.1110 1.2382 1.1110 2.4387 2.2463 1.2371 1.2122 1.2371 1.2122 1.1895 1.1141 1.2382 1.1110 1.2382 1.1110 2.4387 2.2463 1.2490 1.2956 1.2490 1.2956 1.2490 1.2956 1.2490 1.2956 1.2490 1.2956
1.1878 1.2755 1.1878 1.2755 1.1408 1.1617 1.2205 1.1773 1.2205 1.1773 2.4533 1.4848 1.1878 1.2755 1.1878 1.2755 1.1408 1.1617 1.2205 1.1773 1.2205 1.1773 2.4533 1.4848 1.2034 1.2328 1.2034 1.2328 1.2034 1.2328 1.2034 1.2328 1.2034 1.2328
1.1691 1.2866 1.1691 1.2866 1.1921 1.2718 1.1089 1.1497 1.1089 1.1497 1.7960 1.8920 1.1691 1.2866 1.1691 1.2866 1.1921 1.2718 1.1089 1.1497 1.1089 1.1497 1.7960 1.8920 1.2382 1.2291 1.2382 1.2291 1.2382 1.2291 1.2382 1.2291 1.2382 1.2291
1.2621 1.2870 1.2621 1.2870 1.1950 1.2273 1.2066 1.2440 1.2066 1.2440 1.6150 2.3941 1.2621 1.2870 1.2621 1.2870 1.1950 1.2273 1.2066 1.2440 1.2066 1.2440 1.6150 2.3941 1.2867 1.2389 1.2867 1.2389 1.2867 1.2389 1.2867 1.2389 1.2867 1.2389
1.1918 1.1280 1.1918 1.1280 1.1521 1.2955 1.2681 1.1377 1.2681 1.1377 1.7771 2.1698 1.1918 1.1280 1.1918 1.1280 1.1521 1.2955 1.2681 1.1377 1.2681 1.1377 1.7771 2.1698 1.1133 1.2491 1.1133 1.2491 1.1133 1.2491 1.1133 1.2491 1.1133 1.2491
1.1919 1.2934 1.1919 1.2934 1.2076 1.2102 1.1587 1.2414 1.1587 1.2414 1.2527 1.8671 1.1919 1.2934 1.1919 1.2934 1.2076 1.2102 1.1587 1.2414 1.1587 1.2414 1.2527 1.8671 1.2207 1.1574 1.2207 1.1574 1.2207 1.1574 1.2207 1.1574 1.2207 1.1574
1.2851 1.2750 1.2851 1.2750 1.2884 1.1512 1.1820 1.2309 1.1820 1.2309 2.6339 2.6378 1.2851 1.2750 1.2851 1.2750 1.2884 1.1512 1.1820 1.2309 1.1820 1.2309 2.6339 2.6378 1.1114 1.2486 1.1114 1.2486 1.1114 1.2486 1.1114 1.2486 1.1114 1.2486
1.1788 1.2475 1.1788 1.2475 1.2238 1.2903 1.2152 1.2038 1.2152 1.2038 1.6046 1.9452 1.1788 1.2475 1.1788 1.2475 1.2238 1.2903 1.2152 1.2038 1.2152 1.2038 1.6046 1.9452 1.2230 1.2968 1.2230 1.2968 1.2230 1.2968 1.2230 1.2968 1.2230 1.2968
1.2873 1.2268 1.2873 1.2268 1.2262 1.1379 1.2916 1.2143 1.2916 1.2143 1.2975 2.4724 1.2873 1.2268 1.2873 1.2268 1.2262 1.1379 1.2916 1.2143 1.2916 1.2143 1.2975 2.4724 1.2743 1.2410 1.2743 1.2410 1.2743 1.2410 1.2743 1.2410 1.2743 1.2410
1.2617 1.2108 1.2617 1.2108 1.1466 1.1761 1.2781 1.1888 1.2781 1.1888 1.6293 1.1153 1.2617 1.2108 1.2617 1.2108 1.1466 1.1761 1.2781 1.1888 1.2781 1.1888 1.6293 1.1153 1.2376 1.1859 1.2376 1.1859 1.2376 1.1859 1.2376 1.1859 1.2376 1.1859
1.1046 1.1118 1.1046 1.1118 1.2820 1.1133 1.1446 1.1015 1.1446 1.1015 1.5101 2.2457 1.1046 1.1118 1.1046 1.1118 1.2820 1.1133 1.1446 1.1015 1.1446 1.1015 1.5101 2.2457 1.1785 1.2984 1.1785 1.2984 1.1785 1.2984 1.1785 1.2984 1.1785 1.2984
1.1282 1.1972 1.1282 1.1972 1.1667 1.1819 1.7409 1.8780 1.7409 1.8780 1.1494 1.1731 1.1282 1.1972 1.1282 1.1972 1.1667 1.1819 1.7409 1.8780 1.7409 1.8780 1.1494 1.1731 1.2045 1.2745 1.2045 1.2745 1.2045 1.2745 1.2045 1.2745 1.2045 1.2745
1.1810 1.1270 1.1810 1.1270 1.2126 1.2084 2.1135 1.9753 2.1135 1.9753 1.1163 1.1766 1.1810 1.1270 1.1810 1.1270 1.2126 1.2084 2.1135 1.9753 2.1135 1.9753 1.1163 1.1766 1.2044 1.1845 1.2044 1.1845 1.2044 1.1845 1.2044 1.1845 1.2044 1.1845
1.1576 1.2249 1.1576 1.2249 1.2410 1.2308 2.1361 2.0611 2.1361 2.0611 1.2296 1.1668 1.1576 1.2249 1.1576 1.2249 1.2410 1.2308 2.1361 2.0611 2.1361 2.0611 1.2296 1.1668 1.1651 1.1499 1.1651 1.1499 1.1651 1.1499 1.1651 1.1499 1.1651 1.1499
1.2216 1.2298 1.2216 1.2298 1.2978 1.1292 2.3907 2.0185 2.3907 2.0185 1.1862 1.1074 1.2216 1.2298 1.2216 1.2298 1.2978 1.1292 2.3907 2.0185 2.3907 2.0185 1.1862 1.1074 1.2428 1.2874 1.2428 1.2874 1.2428 1.2874 1.2428 1.2874 1.2428 1.2874
1.2588 1.2723 1.2588 1.2723 1.1687 1.2324 1.4908 2.7947 1.4908 2.7947 1.2330 1.1873 1.2588 1.2723 1.2588 1.2723 1.1687 1.2324 1.4908 2.7947 1.4908 2.7947 1.2330 1.1873 1.2652 1.1752 1.2652 1.1752 1.2652 1.1752 1.2652 1.1752 1.2652 1.1752
1.1275 1.1630 1.1275 1.1630 1.2714 1.2324 1.2085 1.7425 1.2085 1.7425 1.1417 1.1758 1.1275 1.1630 1.1275 1.1630 1.2714 1.2324 1.2085 1.7425 1.2085 1.7425 1.1417 1.1758 1.2060 1.1780 1.2060 1.1780 1.2060 1.1780 1.2060 1.1780 1.2060 1.1780
1.2098 1.1227 1.2098 1.1227 1.2723 1.2504 1.5249 2.3924 1.5249 2.3924 1.2171 1.2265 1.2098 1.1227 1.2098 1.1227 1.2723 1.2504 1.5249 2.3924 1.5249 2.3924 1.2171 1.2265 1.1819 1.1386 1.1819 1.1386 1.1819 1.1386 1.1819 1.1386 1.1819 1.1386
1.1872 1.2490 1.1872 1.2490 1.1476 1.2280 1.1529 1.8443 1.1529 1.8443 1.1433 1.2727 1.1872 1.2490 1.1872 1.2490 1.1476 1.2280 1.1529 1.8443 1.1529 1.8443 1.1433 1.2727 1.2448 1.1668 1.2448 1.1668 1.2448 1.1668 1.2448 1.1668 1.2448 1.1668
1.2524 1.2869 1.2524 1.2869 1.1441 1.2528 2.0846 2.2105 2.0846 2.2105 1.1596 1.2280 1.2524 1.2869 1.2524 1.2869 1.1441 1.2528 2.0846 2.2105 2.0846 2.2105 1.1596 1.2280 1.1650 1.1782 1.1650 1.1782 1.1650 1.1782 1.1650 1.1782 1.1650 1.1782
1.2173 1.2454 1.2173 1.2454 1.2282 1.2466 1.9076 1.6001 1.9076 1.6001 1.2727 1.1146 1.2173 1.2454 1.2173 1.2454 1.2282 1.2466 1.9076 1.6001 1.9076 1.6001 1.2727 1.1146 1.2458 1.1247 1.2458 1.1247 1.2458 1.1247 1.2458 1.1247 1.2458 1.1247
1.2135 1.2208 1.2135 1.2208 1.1067 1.2793 2.1299 1.8393 2.1299 1.8393 1.2669 1.2310 1.2135 1.2208 1.2135 1.2208 1.1067 1.2793 2.1299 1.8393 2.1299 1.8393 1.2669 1.2310 1.1750 1.2071 1.1750 1.2071 1.1750 1.2071 1.1750 1.2071 1.1750 1.2071
1.2952 1.1929 1.2952 1.1929 1.2897 1.1108 1.7291 2.3073 1.7291 2.3073 1.1404 1.2450 1.2952 1.1929 1.2952 1.1929 1.2897 1.1108 1.7291 2.3073 1.7291 2.3073 1.1404 1.2450 1.1565 1.2438 1.1565 1.2438 1.1565 1.2438 1.1565 1.2438 1.1565 1.2438
1.1225 1.2147 1.1225 1.2147 1.2797 1.2039 1.5856 1.7951 1.5856 1.7951 1.2042 1.1382 1.1225 1.2147 1.1225 1.2147 1.2797 1.2039 1.5856 1.7951 1.5856 1.7951 1.2042 1.1382 1.2536 1.1220 1.2536 1.1220 1.2536 1.1220 1.2536 1.1220 1.2536 1.1220
1.2972 1.2616 1.2972 1.2616 1.1847 1.2069 2.0655 2.3981 2.0655 2.3981 1.1217 1.2379 1.2972 1.2616 1.2972 1.2616 1.1847 1.2069 2.0655 2.3981 2.0655 2.3981 1.1217 1.2379 1.2952 1.2790 1.2952 1.2790 1.2952 1.2790 1.2952 1.2790 1.2952 1.2790
1.1369 1.1058 1.1369 1.1058 1.2052 1.1382 2.0823 3.1306 2.0823 3.1306 1.2843 1.1889 1.1369 1.1058 1.1369 1.1058 1.2052 1.1382 2.0823 3.1306 2.0823 3.1306 1.2843 1.1889 1.1224 1.2171 1.1224 1.2171 1.1224 1.2171 1.1224 1.2171 1.1224 1.2171
1.2243 1.1173 1.2243 1.1173 1.1217 1.2289 3.0469 1.8526 3.0469 1.8526 1.1821 1.2683 1.2243 1.1173 1.2243 1.1173 1.1217 1.2289 3.0469 1.8526 3.0469 1.8526 1.1821 1.2683 1.1846 1.1135 1.1846 1.1135 1.1846 1.1135 1.1846 1.1135 1.1846 1.1135
1.2068 1.1669 1.2068 1.1669 1.2708 1.2742 1.7211 1.4963 1.7211 1.4963 1.2606 1.1427 1.2068 1.1669 1.2068 1.1669 1.2708 1.2742 1.7211 1.4963 1.7211 1.4963 1.2606 1.1427 1.1499 1.2684 1.1499 1.2684 1.1499 1.2684 1.1499 1.2684 1.1499 1.2684
1.2168 1.2508 1.2168 1.2508 1.2850 1.1997 2.6818 1.8199 2.6818 1.8199 1.2245 1.1840 1.2168 1.2508 1.2168 1.2508 1.2850 1.1997 2.6818 1.8199 2.6818 1.8199 1.2245 1.1840 1.1596 1.1089 1.1596 1.1089 1.1596 1.1089 1.1596 1.1089 1.1596 1.1089
1.1921 1.2115 1.1921 1.2115 1.2339 1.2758 1.3884 2.2401 1.3884 2.2401 1.1619 1.2391 1.1921 1.2115 1.1921 1.2115 1.2339 1.2758 1.3884 2.2401 1.3884 2.2401 1.1619 1.2391 1.1150 1.2830 1.1150 1.2830 1.1150 1.2830 1.1150 1.2830 1.1150 1.2830
1.1883 1.2149 1.1883 1.2149 1.1128 1.2010 2.3866 2.2453 2.3866 2.2453 1.1774 1.1601 1.1883 1.2149 1.1883 1.2149 1.1128 1.2010 2.3866 2.2453 2.3866 2.2453 1.1774 1.1601 1.1643 1.2277 1.1643 1.2277 1.1643 1.2277 1.1643 1.2277 1.1643 1.2277
1.3584 2.1659 1.3584 2.1659 1.1799 1.1020 1.1992 1.1285 1.1992 1.1285 1.1451 1.1994 1.3584 2.1659 1.3584 2.1659 1.1799 1.1020 1.1992 1.1285 1.1992 1.1285 1.1451 1.1994 1.2952 1.1041 1.2952 1.1041 1.2952 1.1041 1.2952 1.1041 1.2952 1.1041
2.1151 1.8478 2.1151 1.8478 1.1406 1.1998 1.2383 1.1243 1.2383 1.1243 1.1394 1.2724 2.1151 1.8478 2.1151 1.8478 1.1406 1.1998 1.2383 1.1243 1.2383 1.1243 1.1394 1.2724 1.2286 1.2869 1.2286 1.2869 1.2286 1.2869 1.2286 1.2869 1.2286 1.2869
1.8936 1.7850 1.8936 1.7850 1.1619 1.1441 1.1461 1.2236 1.1461 1.2236 1.1124 1.2139 1.8936 1.7850 1.8936 1.7850 1.1619 1.1441 1.1461 1.2236 1.1461 1.2236 1.1124 1.2139 1.1357 1.1121 1.1357 1.1121 1.1357 1.1121 1.1357 1.1121 1.1357 1.1121
1.7669 2.1504 1.7669 2.1504 1.2615 1.2578 1.1960 1.2232 1.1960 1.2232 1.2474 1.2094 1.7669 2.1504 1.7669 2.1504 1.2615 1.2578 1.1960 1.2232 1.1960 1.2232 1.2474 1.2094 1.2779 1.2467 1.2779 1.2467 1.2779 1.2467 1.2779 1.2467 1.2779 1.2467
1.9808 2.0337 1.9808 2.0337 1.2435 1.1371 1.2616 1.2374 1.2616 1.2374 1.1287 1.2396 1.9808 2.0337 1.9808 2.0337 1.2435 1.1371 1.2616 1.2374 1.2616 1.2374 1.1287 1.2396 1.2906 1.2138 1.2906 1.2138 1.2906 1.2138 1.2906 1.2138 1.2906 1.2138
2.1483 2.5249 2.1483 2.5249 1.2288 1.2683 1.2759 1.1629 1.2759 1.1629 1.2960 1.2973 2.1483 2.5249 2.1483 2.5249 1.2288 1.2683 1.2759 1.1629 1.2759 1.1629 1.2960 1.2973 1.2611 1.2656 1.2611 1.2656 1.2611 1.2656 1.2611 1.2656 1.2611 1.2656
1.5958 2.5837 1.5958 2.5837 1.1654 1.1723 1.1475 1.2439 1.1475 1.2439 1.1071 1.1360 1.5958 2.5837 1.5958 2.5837 1.1654 1.1723 1.1475 1.2439 1.1475 1.2439 1.1071 1.1360 1.2190 1.2855 1.2190 1.2855 1.2190 1.2855 1.2190 1.2855 1.2190 1.2855
1.7853 2.6793 1.7853 2.6793 1.2010 1.2566 1.2954 1.1714 1.2954 1.1714 1.1948 1.2611 1.7853 2.6793 1.7853 2.6793 1.2010 1.2566 1.2954 1.1714 1.2954 1.1714 1.1948 1.2611 1.2783 1.1256 1.2783 1.1256 1.2783 1.1256 1.2783 1.1256 1.2783 1.1256
0.9073 1.5726 0.9073 1.5726 1.1524 1.1833 1.2147 1.1349 1.2147 1.1349 1.2673 1.2008 0.9073 1.5726 0.9073 1.5726 1.1524 1.1833 1.2147 1.1349 1.2147 1.1349 1.2673 1.2008 1.2007 1.1787 1.2007 1.1787 1.2007 1.1787 1.2007 1.1787 1.2007 1.1787
2.2864 2.0023 2.2864 2.0023 1.1512 1.1724 1.2033 1.1956 1.2033 1.1956 1.1993 1.2177 2.2864 2.0023 2.2864 2.0023 1.1512 1.1724 1.2033 1.1956 1.2033 1.1956 1.1993 1.2177 1.1403 1.2559 1.1403 1.2559 1.1403 1.2559 1.1403 1.2559 1.1403 1.2559
2.9290 2.5738 2.9290 2.5738 1.2727 1.2217 1.2478 1.1092 1.2478 1.1092 1.2564 1.2891 2.9290 2.5738 2.9290 2.5738 1.2727 1.2217 1.2478 1.1092 1.2478 1.1092 1.2564 1.2891 1.2303 1.2491 1.2303 1.2491 1.2303 1.2491 1.2303 1.2491 1.2303 1.2491
1.4647 2.6165 1.4647 2.6165 1.1625 1.1103 1.2534 1.2986 1.2534 1.2986 1.1744 1.1090 1.4647 2.6165 1.4647 2.6165 1.1625 1.1103 1.2534 1.2986 1.2534 1.2986 1.1744 1.1090 1.1536 1.2083 1.1536 1.2083 1.1536 1.2083 1.1536 1.2083 1.1536 1.2083
1.6797 2.1413 1.6797 2.1413 1.2414 1.2744 1.1989 1.2151 1.1989 1.2151 1.1720 1.1802 1.6797 2.1413 1.6797 2.1413 1.2414 1.2744 1.1989 1.2151 1.1989 1.2151 1.1720 1.1802 1.2240 1.1225 1.2240 1.1225 1.2240 1.1225 1.2240 1.1225 1.2240 1.1225
1.9761 2.0622 1.9761 2.0622 1.1958 1.2629 1.2989 1.1678 1.2989 1.1678 1.1301 1.1853 1.9761 2.0622 1.9761 2.0622 1.1958 1.2629 1.2989 1.1678 1.2989 1.1678 1.1301 1.1853 1.2987 1.2611 1.2987 1.2611 1.2987 1.2611 1.2987 1.2611 1.2987 1.2611
1.3130 2.1279 1.3130 2.1279 1.1622 1.2436 1.2082 1.1648 1.2082 1.1648 1.2778 1.1532 1.3130 2.1279 1.3130 2.1279 1.1622 1.2436 1.2082 1.1648 1.2082 1.1648 1.2778 1.1532 1.1252 1.2737 1.1252 1.2737 1.1252 1.2737 1.1252 1.2737 1.1252 1.2737
1.8583 2.9473 1.8583 2.9473 1.2665 1.1395 1.2659 1.1350 1.2659 1.1350 1.2696 1.2311 1.8583 2.9473 1.8583 2.9473 1.2665 1.1395 1.2659 1.1350 1.2659 1.1350 1.2696 1.2311 1.2623 1.1991 1.2623 1.1991 1.2623 1.1991 1.2623 1.1991 1.2623 1.1991
2.0930 2.2983 2.0930 2.2983 1.2544 1.1785 1.1625 1.1593 1.1625 1.1593 1.1903 1.1639 2.0930 2.2983 2.0930 2.2983 1.2544 1.1785 1.1625 1.1593 1.1625 1.1593 1.1903 1.1639 1.1871 1.1613 1.1871 1.1613 1.1871 1.1613 1.1871 1.1613 1.1871 1.1613
2.2423 2.0087 2.2423 2.0087 1.1290 1.1366 1.1794 1.2527 1.1794 1.2527 1.2847 1.1748 2.2423 2.0087 2.2423 2.0087 1.1290 1.1366 1.1794 1.2527 1.1794 1.2527 1.2847 1.1748 1.1334 1.2321 1.1334 1.2321 1.1334 1.2321 1.1334 1.2321 1.1334 1.2321
2.5081 2.2973 2.5081 2.2973 1.2973 1.1199 1.1031 1.1927 1.1031 1.1927 1.1665 1.1871 2.5081 2.2973 2.5081 2.2973 1.2973 1.1199 1.1031 1.1927 1.1031 1.1927 1.1665 1.1871 1.2258 1.2171 1.2258 1.2171 1.2258 1.2171 1.2258 1.2171 1.2258 1.2171
2.2393 1.9124 2.2393 1.9124 1.1221 1.1460 1.2597 1.2476 1.2597 1.2476 1.2129 1.2766 2.2393 1.9124 2.2393 1.9124 1.1221 1.1460 1.2597 1.2476 1.2597 1.2476 1.2129 1.2766 1.1673 1.1048 1.1673 1.1048 1.1673 1.1048 1.1673 1.1048 1.1673 1.1048
1.1251 1.2919 1.1251 1.2919 1.1454 1.1672 1.1461 1.1722 1.1461 1.1722 1.1447 1.1081 1.1251 1.2919 1.1251 1.2919 1.1454 1.1672 1.1461 1.1722 1.1461 1.1722 1.1447 1.1081 2.3038 1.4765 2.3038 1.4765 2.3038 1.4765 2.3038 1.4765 2.3038 1.4765
1.2353 1.1418 1.2353 1.1418 1.1433 1.1437 1.1953 1.1095 1.1953 1.1095 1.1524 1.2012 1.2353 1.1418 1.2353 1.1418 1.1433 1.1437 1.1953 1.1095 1.1953 1.1095 1.1524 1.2012 1.6752 1.4048 1.6752 1.4048 1.6752 1.4048 1.6752 1.4048 1.6752 1.4048
1.1719 1.1010 1.1719 1.1010 1.2435 1.2334 1.2722 1.1140 1.2722 1.1140 1.1371 1.2255 1.1719 1.1010 1.1719 1.1010 1.2435 1.2334 1.2722 1.1140 1.2722 1.1140 1.1371 1.2255 1.8858 2.3279 1.8858 2.3279 1.8858 2.3279 1.8858 2.3279 1.8858 2.3279
1.1104 1.1300 1.1104 1.1300 1.2459 1.1414 1.1866 1.2886 1.1866 1.2886 1.1104 1.2118 1.1104 1.1300 1.1104 1.1300 1.2459 1.1414 1.1866 1.2886 1.1866 1.2886 1.1104 1.2118 2.1865 1.8828 2.1865 1.8828 2.1865 1.8828 2.1865 1.8828 2.1865 1.8828
1.1756 1.2557 1.1756 1.2557 1.2719 1.1726 1.1326 1.1221 1.1326 1.1221 1.2406 1.2067 1.1756 1.2557 1.1756 1.2557 1.2719 1.1726 1.1326 1.1221 1.1326 1.1221 1.2406 1.2067 1.4643 2.0140 1.4643 2.0140 1.4643 2.0140 1.4643 2.0140 1.4643 2.0140
1.2971 1.1996 1.2971 1.1996 1.1699 1.2286 1.2337 1.1269 1.2337 1.1269 1.2986 1.1980 1.2971 1.1996 1.2971 1.1996 1.1699 1.2286 1.2337 1.1269 1.2337 1.1269 1.2986 1.1980 1.8131 1.9361 1.8131 1.9361 1.8131 1.9361 1.8131 1.9361 1.8131 1.9361
1.1589 1.2161 1.1589 1.2161 1.2154 1.2351 1.1559 1.1109 1.1559 1.1109 1.2692 1.2968 1.1589 1.2161 1.1589 1.2161 1.2154 1.2351 1.1559 1.1109 1.1559 1.1109 1.2692 1.2968 2.4923 2.0478 2.4923 2.0478 2.4923 2.0478 2.4923 2.0478 2.4923 2.0478
1.2018 1.2558 1.2018 1.2558 1.2494 1.2736 1.2577 1.1570 1.2577 1.1570 1.2531 1.2684 1.2018 1.2558 1.2018 1.2558 1.2494 1.2736 1.2577 1.1570 1.2577 1.1570 1.2531 1.2684 0.8212 0.9482 0.8212 0.9482 0.8212 0.9482 0.8212 0.9482 0.8212 0.9482
1.1900 1.1634 1.1900 1.1634 1.1609 1.2745 1.2009 1.2851 1.2009 1.2851 1.1099 1.2041 1.1900 1.1634 1.1900 1.1634 1.1609 1.2745 1.2009 1.2851 1.2009 1.2851 1.1099 1.2041 2.2450 2.1783 2.2450 2.1783 2.2450 2.1783 2.2450 2.1783 2.2450 2.1783
1.2112 1.1517 1.2112 1.1517 1.1153 1.2080 1.1435 1.2758 1.1435 1.2758 1.1590 1.2752 1.2112 1.1517 1.2112 1.1517 1.1153 1.2080 1.1435 1.2758 1.1435 1.2758 1.1590 1.2752 2.4159 1.6412 2.4159 1.6412 2.4159 1.6412 2.4159 1.6412 2.4159 1.6412
1.1162 1.2721 1.1162 1.2721 1.1181 1.2374 1.1230 1.1064 1.1230 1.1064 1.1182 1.2883 1.1162 1.2721 1.1162 1.2721 1.1181 1.2374 1.1230 1.1064 1.1230 1.1064 1.1182 1.2883 1.9331 2.2828 1.9331 2.2828 1.9331 2.2828 1.9331 2.2828 1.9331 2.2828
1.2918 1.1730 1.2918 1.1730 1.1779 1.1190 1.2059 1.2554 1.2059 1.2554 1.2028 1.1179 1.2918 1.1730 1.2918 1.1730 1.1779 1.1190 1.2059 1.2554 1.2059 1.2554 1.2028 1.1179 1.6510 0.6882 1.6510 0.6882 1.6510 0.6882 1.6510 0.6882 1.6510 0.6882
1.1738 1.1294 1.1738 1.1294 1.1290 1.1143 1.2636 1.1507 1.2636 1.1507 1.1624 1.2167 1.1738 1.1294 1.1738 1.1294 1.1290 1.1143 1.2636 1.1507 1.2636 1.1507 1.1624 1.2167 2.2530 1.9510 2.2530 1.9510 2.2530 1.9510 2.2530 1.9510 2.2530 1.9510
1.2716 1.2840 1.2716 1.2840 1.2624 1.1596 1.2877 1.2662 1.2877 1.2662 1.1946 1.1315 1.2716 1.2840 1.2716 1.2840 1.2624 1.1596 1.2877 1.2662 1.2877 1.2662 1.1946 1.1315 1.0597 0.8842 1.0597 0.8842 1.0597 0.8842 1.0597 0.8842 1.0597 0.8842
1.1007 1.1223 1.1007 1.1223 1.1832 1.2674 1.2996 1.2466 1.2996 1.2466 1.2259 1.1074 1.1007 1.1223 1.1007 1.1223 1.1832 1.2674 1.2996 1.2466 1.2996 1.2466 1.2259 1.1074 2.3773 2.0569 2.3773 2.0569 2.3773 2.0569 2.3773 2.0569 2.3773 2.0569
1.2915 1.2856 1.2915 1.2856 1.2640 1.1736 1.1021 1.1765 1.1021 1.1765 1.2767 1.2457 1.2915 1.2856 1.2915 1.2856 1.2640 1.1736 1.1021 1.1765 1.1021 1.1765 1.2767 1.2457 1.8527 1.5972 1.8527 1.5972 1.8527 1.5972 1.8527 1.5972 1.8527 1.5972
1.2717 1.1846 1.2717 1.1846 1.2907 1.2332 1.2469 1.1274 1.2469 1.1274 1.2455 1.2030 1.2717 1.1846 1.2717 1.1846 1.2907 1.2332 1.2469 1.1274 1.2469 1.1274 1.2455 1.2030 2.0297 1.8334 2.0297 1.8334 2.0297 1.8334 2.0297 1.8334 2.0297 1.8334
1.2753 1.2683 1.2753 1.2683 1.1413 1.1311 1.2951 1.1229 1.2951 1.1229 1.1353 1.2151 1.2753 1.2683 1.2753 1.2683 1.1413 1.1311 1.2951 1.1229 1.2951 1.1229 1.1353 1.2151 2.3706 2.3514 2.3706 2.3514 2.3706 2.3514 2.3706 2.3514 2.3706 2.3514
1.2790 1.1830 1.2790 1.1830 1.1034 1.1377 1.2492 1.1163 1.2492 1.1163 1.1339 1.1157 1.2790 1.1830 1.2790 1.1830 1.1034 1.1377 1.2492 1.1163 1.2492 1.1163 1.1339 1.1157 3.0645 1.9873 3.0645 1.9873 3.0645 1.9873 3.0645 1.9873 3.0645 1.9873
1.1306 1.1457 1.1306 1.1457 1.2889 1.2844 1.2574 1.1485 1.2574 1.1485 1.1148 1.2101 1.1306 1.1457 1.1306 1.1457 1.2889 1.2844 1.2574 1.1485 1.2574 1.1485 1.1148 1.2101 2.5552 2.2810 2.5552 2.2810 2.5552 2.2810 2.5552 2.2810 2.5552 2.2810
